apk_name, have_lib, [arm64-v8a, armeabi-v7a, armeabi, x86, x86_64, mips, mips64, other], native-activity, ([jni_method_total_num, static_num, nostatic_num], [total_all_type, total_basic_type, total_icc_type, total_complex_type, total_complex_type]), [so_total_num, so_Java_num, so_onLoad_num], [have_other_elf, have_pwd_zip]
['com.nitish.privacyindicator_8', 0, [0, 0, 0, 0, 0, 0, 0, 0], 0, ([0, 0, 0], [0, 0, 0, 0]), [0, 0, 0], [0, 0]]
['top.linesoft.open2share_8', 0, [0, 0, 0, 0, 0, 0, 0, 0], 0, ([0, 0, 0], [0, 0, 0, 0]), [0, 0, 0], [0, 0]]
['com.oasisfeng.island.fdroid_51777', 0, [0, 0, 0, 0, 0, 0, 0, 0], 0, ([0, 0, 0], [0, 0, 0, 0]), [0, 0, 0], [0, 0]]
['com.sovworks.edslite_237', 1, [1, 1, 0, 1, 1, 0, 0, 0], 0, ([87, 18, 69], [254, 251, 0, 3]), [12, 12, 4], [0, 0]]
['com.github.samotari.paynoway_20100', 0, [0, 0, 0, 0, 0, 0, 0, 0], 0, ([0, 0, 0], [0, 0, 0, 0]), [0, 0, 0], [0, 0]]
['es.wolfi.app.passman_18', 1, [1, 1, 0, 1, 1, 0, 0, 0], 0, ([8, 8, 0], [84, 60, 0, 24]), [2, 2, 0], [0, 0]]
['net.syntaxblitz.plucklock_6', 0, [0, 0, 0, 0, 0, 0, 0, 0], 0, ([0, 0, 0], [0, 0, 0, 0]), [0, 0, 0], [0, 0]]
['alt.nainapps.aer_1735160000', 1, [1, 1, 0, 1, 1, 0, 0, 0], 0, ([8, 0, 8], [24, 23, 0, 1]), [1, 0, 1], [0, 0]]
['com.chesire.pushie_15', 0, [0, 0, 0, 0, 0, 0, 0, 0], 0, ([145, 21, 124], [251, 147, 4, 100]), [0, 0, 0], [0, 0]]
['de.mathfactory.mooltifill_2', 0, [0, 0, 0, 0, 0, 0, 0, 0], 0, ([0, 0, 0], [0, 0, 0, 0]), [0, 0, 0], [0, 0]]
['com.arsvechkarev.vault_5', 0, [0, 0, 0, 0, 0, 0, 0, 0], 0, ([0, 0, 0], [0, 0, 0, 0]), [0, 0, 0], [0, 0]]
['ca.andries.portknocker_1', 0, [0, 0, 0, 0, 0, 0, 0, 0], 0, ([0, 0, 0], [0, 0, 0, 0]), [0, 0, 0], [0, 0]]
['net.thauvin.erik.android.noussd_2', 0, [0, 0, 0, 0, 0, 0, 0, 0], 0, ([0, 0, 0], [0, 0, 0, 0]), [0, 0, 0], [0, 0]]
['io.gitlab.cryptographic_id_17', 1, [1, 1, 0, 0, 1, 0, 0, 0], 0, ([154, 22, 132], [356, 219, 5, 132]), [2, 0, 1], [0, 0]]
['de.seemoo.at_tracking_detection_50', 1, [1, 1, 0, 1, 1, 0, 0, 0], 0, ([8, 0, 8], [24, 23, 0, 1]), [1, 0, 1], [0, 0]]
['krasilnikov.alexey.cryptopass_4', 0, [0, 0, 0, 0, 0, 0, 0, 0], 0, ([0, 0, 0], [0, 0, 0, 0]), [0, 0, 0], [0, 0]]
['com.pikselbit.wrongpinshutdown_2', 0, [0, 0, 0, 0, 0, 0, 0, 0], 0, ([0, 0, 0], [0, 0, 0, 0]), [0, 0, 0], [0, 0]]
['de.serverfrog.pw.android_1016', 0, [0, 0, 0, 0, 0, 0, 0, 0], 0, ([0, 0, 0], [0, 0, 0, 0]), [0, 0, 0], [0, 0]]
['com.u2fa.secur_5', 1, [1, 1, 0, 0, 1, 0, 0, 0], 0, ([31, 4, 27], [113, 101, 1, 11]), [2, 0, 1], [0, 0]]
['com.servoz.appsdisabler_122', 0, [0, 0, 0, 0, 0, 0, 0, 0], 0, ([0, 0, 0], [0, 0, 0, 0]), [0, 0, 0], [0, 0]]
['proton.android.pass.fdroid_12805000', 1, [1, 1, 0, 0, 1, 0, 0, 0], 0, ([484, 230, 254], [1328, 967, 0, 361]), [5, 4, 1], [0, 0]]
['com.hobbyone.HashDroid_24', 0, [0, 0, 0, 0, 0, 0, 0, 0], 0, ([0, 0, 0], [0, 0, 0, 0]), [0, 0, 0], [0, 0]]
['pro.kherel.selfprivacy_25', 1, [1, 1, 0, 0, 1, 0, 0, 0], 0, ([196, 29, 167], [431, 243, 6, 182]), [2, 0, 1], [0, 0]]
['net.xvello.salasana_3', 0, [0, 0, 0, 0, 0, 0, 0, 0], 0, ([0, 0, 0], [0, 0, 0, 0]), [0, 0, 0], [0, 0]]
['org.stingle.photos_57', 1, [1, 1, 1, 1, 1, 1, 1, 0], 0, ([237, 72, 165], [1164, 1034, 0, 130]), [3, 2, 1], [0, 0]]
['in.shick.lockpatterngenerator_9', 0, [0, 0, 0, 0, 0, 0, 0, 0], 0, ([0, 0, 0], [0, 0, 0, 0]), [0, 0, 0], [0, 0]]
['net.yolosec.routerkeygen2_80', 1, [0, 1, 0, 1, 0, 0, 0, 0], 0, ([5, 0, 5], [15, 15, 0, 0]), [2, 1, 0], [0, 0]]
['com.aptasystems.dicewarepasswordgenerator_9', 0, [0, 0, 0, 0, 0, 0, 0, 0], 0, ([0, 0, 0], [0, 0, 0, 0]), [0, 0, 0], [0, 0]]
['com.notecryptpro_22', 0, [0, 0, 0, 0, 0, 0, 0, 0], 0, ([0, 0, 0], [0, 0, 0, 0]), [0, 0, 0], [0, 0]]
['com.kibab.android.EncPassChanger_2', 0, [0, 0, 0, 0, 0, 0, 0, 0], 0, ([0, 0, 0], [0, 0, 0, 0]), [0, 0, 0], [0, 0]]
['com.greenart7c3.nostrsigner_129', 1, [1, 1, 1, 1, 1, 1, 1, 0], 0, ([277, 89, 188], [1281, 1167, 0, 114]), [4, 2, 2], [0, 0]]
['com.catalin.rivia_1', 1, [1, 1, 0, 0, 1, 0, 0, 0], 0, ([38, 4, 34], [143, 127, 1, 15]), [2, 0, 1], [0, 0]]
['com.lavabit.pahoehoe_202', 1, [1, 1, 0, 1, 1, 0, 0, 0], 0, ([26, 12, 14], [41, 37, 0, 4]), [5, 3, 1], [8, 0]]
['org.chickenhook.startflagexploit_5', 0, [0, 0, 0, 0, 0, 0, 0, 0], 0, ([0, 0, 0], [0, 0, 0, 0]), [0, 0, 0], [0, 0]]
['io.ente.auth_432', 1, [1, 1, 0, 1, 1, 0, 0, 0], 0, ([273, 46, 227], [557, 320, 6, 231]), [6, 1, 1], [0, 0]]
['f.cking.software_1708536365', 1, [1, 1, 0, 1, 1, 0, 0, 0], 0, ([8, 0, 8], [24, 23, 0, 1]), [1, 0, 1], [0, 0]]
['net.stargw.fok_66', 0, [0, 0, 0, 0, 0, 0, 0, 0], 0, ([0, 0, 0], [0, 0, 0, 0]), [0, 0, 0], [0, 0]]
['dev.ukanth.ufirewall_20230828', 0, [0, 0, 0, 0, 0, 0, 0, 0], 0, ([0, 0, 0], [0, 0, 0, 0]), [0, 0, 0], [0, 0]]
['com.paranoid.privacylock_7', 0, [0, 0, 0, 0, 0, 0, 0, 0], 0, ([0, 0, 0], [0, 0, 0, 0]), [0, 0, 0], [0, 0]]
['eu.faircode.netguard_2024122801', 1, [1, 1, 0, 1, 1, 0, 0, 0], 0, ([11, 3, 8], [30, 30, 0, 0]), [1, 1, 1], [0, 0]]
['com.gero.newpass_13', 1, [1, 1, 0, 1, 1, 0, 0, 0], 0, ([62, 7, 55], [140, 135, 0, 5]), [1, 0, 1], [0, 0]]
['com.windscribe.vpn_1570', 1, [1, 1, 0, 1, 1, 0, 0, 0], 0, ([597, 428, 169], [1889, 1401, 0, 488]), [15, 3, 5], [4, 0]]
['de.binary_kitchen.doorlock_app_8', 0, [0, 0, 0, 0, 0, 0, 0, 0], 0, ([0, 0, 0], [0, 0, 0, 0]), [0, 0, 0], [0, 0]]
['com.akexorcist.ruammij_25', 0, [0, 0, 0, 0, 0, 0, 0, 0], 0, ([0, 0, 0], [0, 0, 0, 0]), [0, 0, 0], [0, 0]]
['org.booncode.bluepass4_5', 0, [0, 0, 0, 0, 0, 0, 0, 0], 0, ([0, 0, 0], [0, 0, 0, 0]), [0, 0, 0], [0, 0]]
['me.impa.knockonports_46', 1, [1, 1, 0, 1, 1, 0, 0, 0], 0, ([4, 0, 4], [18, 18, 0, 0]), [2, 1, 0], [0, 0]]
['com.gtp.showapicturetoyourfriend_5', 0, [0, 0, 0, 0, 0, 0, 0, 0], 0, ([0, 0, 0], [0, 0, 0, 0]), [0, 0, 0], [0, 0]]
['com.emanuelef.remote_capture_78', 1, [1, 1, 0, 1, 1, 0, 0, 0], 0, ([24, 24, 0], [50, 44, 0, 6]), [3, 1, 0], [0, 0]]
['com.artivain.reseaudiscord_1', 0, [0, 0, 0, 0, 0, 0, 0, 0], 0, ([0, 0, 0], [0, 0, 0, 0]), [0, 0, 0], [0, 0]]
['com.example.trigger_404', 1, [1, 1, 0, 1, 1, 0, 0, 0], 0, ([620, 620, 0], [1984, 1759, 0, 225]), [2, 1, 1], [0, 0]]
['studio.okcode.open_alert_viewer_170', 1, [1, 1, 0, 1, 1, 0, 0, 0], 0, ([42, 4, 38], [152, 135, 1, 16]), [3, 0, 1], [0, 0]]
['de.varengold.activeTAN_53', 0, [0, 0, 0, 0, 0, 0, 0, 0], 0, ([0, 0, 0], [0, 0, 0, 0]), [0, 0, 0], [0, 0]]
['org.lf_net.pgpunlocker_2017051001', 0, [0, 0, 0, 0, 0, 0, 0, 0], 0, ([0, 0, 0], [0, 0, 0, 0]), [0, 0, 0], [0, 0]]
['com.trisven.safenotes_10', 1, [1, 1, 0, 0, 1, 0, 0, 0], 0, ([38, 4, 34], [143, 127, 1, 15]), [2, 0, 1], [0, 0]]
['com.yogeshpaliyal.keypass_1434', 1, [1, 1, 0, 1, 1, 0, 0, 0], 0, ([70, 7, 63], [164, 158, 0, 6]), [3, 1, 2], [0, 0]]
['org.pacien.tincapp_42', 1, [1, 1, 0, 1, 1, 0, 0, 0], 0, ([0, 0, 0], [0, 0, 0, 0]), [3, 0, 0], [0, 0]]
['v4lpt.vpt.pwg_106', 0, [0, 0, 0, 0, 0, 0, 0, 0], 0, ([0, 0, 0], [0, 0, 0, 0]), [0, 0, 0], [0, 0]]
['de.srlabs.snoopsnitch_50', 1, [1, 1, 0, 0, 0, 0, 0, 0], 0, ([0, 0, 0], [0, 0, 0, 0]), [12, 0, 0], [0, 0]]
['net.tjado.passwdsafe_500', 1, [1, 1, 0, 1, 1, 0, 0, 0], 0, ([1, 1, 0], [3, 3, 0, 0]), [1, 1, 0], [0, 0]]
['com.wesaphzt.privatelock_3', 0, [0, 0, 0, 0, 0, 0, 0, 0], 0, ([0, 0, 0], [0, 0, 0, 0]), [0, 0, 0], [0, 0]]
['pc.javier.seguime_53', 0, [0, 0, 0, 0, 0, 0, 0, 0], 0, ([0, 0, 0], [0, 0, 0, 0]), [0, 0, 0], [0, 0]]
['de.jbservices.nc_passwords_app_24', 1, [1, 1, 0, 1, 1, 0, 0, 0], 0, ([38, 4, 34], [143, 127, 1, 15]), [3, 0, 1], [0, 0]]
['com.rabbitcompany.passky_14', 0, [0, 0, 0, 0, 0, 0, 0, 0], 0, ([0, 0, 0], [0, 0, 0, 0]), [0, 0, 0], [0, 0]]
['com.lesspass.android_900700304', 1, [0, 0, 0, 0, 1, 0, 0, 0], 0, ([233, 134, 99], [603, 506, 0, 97]), [52, 1, 14], [0, 0]]
['org.sorz.lab.tinykeepass_14', 1, [1, 1, 0, 1, 1, 0, 0, 0], 0, ([7, 3, 4], [35, 35, 0, 0]), [2, 2, 2], [0, 0]]
['org.daylightingsociety.wherearetheeyes_6', 1, [1, 1, 1, 1, 1, 1, 0, 0], 0, ([242, 0, 242], [448, 308, 0, 140]), [1, 0, 1], [0, 0]]
['com.vecturagames.android.app.passwordgenerator_43', 0, [0, 0, 0, 0, 0, 0, 0, 0], 0, ([0, 0, 0], [0, 0, 0, 0]), [0, 0, 0], [0, 0]]
['com.mrbimc.selinux_20171031', 0, [0, 0, 0, 0, 0, 0, 0, 0], 0, ([0, 0, 0], [0, 0, 0, 0]), [0, 0, 0], [0, 0]]
['org.ea.sqrl_54', 1, [1, 1, 0, 1, 1, 0, 0, 0], 0, ([337, 337, 0], [1069, 1069, 0, 0]), [2, 2, 0], [0, 0]]
['se.leap.bitmaskclient_176000', 1, [1, 1, 0, 1, 1, 0, 0, 0], 0, ([439, 335, 104], [1186, 937, 0, 249]), [6, 3, 3], [4, 0]]
['se.arctosoft.vault_37', 0, [0, 0, 0, 0, 0, 0, 0, 0], 0, ([0, 0, 0], [0, 0, 0, 0]), [0, 0, 0], [0, 0]]
['org.alberto97.ouilookup_22', 1, [1, 1, 0, 1, 1, 0, 0, 0], 0, ([0, 0, 0], [0, 0, 0, 0]), [1, 1, 0], [0, 0]]
['hans.b.skewy1_0_1', 0, [0, 0, 0, 0, 0, 0, 0, 0], 0, ([0, 0, 0], [0, 0, 0, 0]), [0, 0, 0], [0, 0]]
['com.example.sekreto_3', 0, [0, 0, 0, 0, 0, 0, 0, 0], 0, ([0, 0, 0], [0, 0, 0, 0]), [0, 0, 0], [0, 0]]
['me.billdietrich.fake_contacts_4', 1, [1, 1, 0, 0, 1, 0, 0, 0], 0, ([34, 4, 30], [125, 112, 1, 12]), [2, 0, 1], [0, 0]]
['com.aidinhut.simpletextcrypt_15', 0, [0, 0, 0, 0, 0, 0, 0, 0], 0, ([0, 0, 0], [0, 0, 0, 0]), [0, 0, 0], [0, 0]]
['cf.theonewiththebraid.guerrilla_mail_6', 1, [1, 1, 0, 0, 1, 0, 0, 0], 0, ([36, 5, 31], [134, 120, 1, 13]), [2, 0, 1], [0, 0]]
['org.fsociety.vernet_32', 1, [1, 1, 0, 0, 1, 0, 0, 0], 0, ([41, 4, 37], [151, 134, 1, 16]), [2, 0, 1], [0, 0]]
['de.example.fahrraddiebstahl_berlin_2', 1, [1, 1, 0, 0, 1, 0, 0, 0], 0, ([36, 5, 31], [134, 120, 1, 13]), [2, 0, 1], [0, 0]]
['anonvpn.anon_next.android_22', 0, [0, 0, 0, 0, 0, 0, 0, 0], 0, ([21, 15, 6], [27, 27, 0, 0]), [0, 0, 0], [0, 0]]
['org.adaway_60104', 1, [1, 1, 0, 1, 1, 0, 0, 0], 0, ([3, 3, 0], [10, 9, 0, 1]), [7, 1, 0], [0, 0]]
['org.esupportail.esupnfctagdroid_18', 0, [0, 0, 0, 0, 0, 0, 0, 0], 0, ([578, 389, 189], [1731, 1604, 0, 127]), [0, 0, 0], [0, 0]]
['com.passcard_6', 0, [0, 0, 0, 0, 0, 0, 0, 0], 0, ([0, 0, 0], [0, 0, 0, 0]), [0, 0, 0], [0, 0]]
['space.kraut.schluessel_3', 0, [0, 0, 0, 0, 0, 0, 0, 0], 0, ([0, 0, 0], [0, 0, 0, 0]), [0, 0, 0], [0, 0]]
['org.chickenhook.binderfuzzy_2', 1, [1, 1, 0, 1, 1, 0, 0, 0], 0, ([3, 3, 0], [11, 3, 0, 8]), [1, 0, 1], [0, 0]]
['de.marionoll.wgautoconnect_2', 0, [0, 0, 0, 0, 0, 0, 0, 0], 0, ([0, 0, 0], [0, 0, 0, 0]), [0, 0, 0], [0, 0]]
['dk.meznik.jan.encrypttext_5', 0, [0, 0, 0, 0, 0, 0, 0, 0], 0, ([0, 0, 0], [0, 0, 0, 0]), [0, 0, 0], [0, 0]]
['com.sunilpaulmathew.snotz_33', 0, [0, 0, 0, 0, 0, 0, 0, 0], 0, ([0, 0, 0], [0, 0, 0, 0]), [0, 0, 0], [0, 0]]
['com.etesync.notes_10700', 1, [1, 1, 0, 1, 1, 0, 0, 0], 0, ([244, 187, 57], [632, 561, 0, 71]), [22, 1, 11], [0, 0]]
['net.nymtech.nymvpn_11800', 1, [1, 1, 1, 1, 1, 1, 1, 0], 0, ([77, 69, 8], [340, 274, 0, 66]), [5, 2, 2], [0, 0]]
['net.mullvad.mullvadvpn_24090099', 1, [1, 1, 0, 1, 1, 0, 0, 0], 0, ([14, 0, 14], [44, 41, 0, 3]), [3, 1, 1], [0, 0]]
['com.kunzisoft.keepass.libre_133', 1, [1, 1, 0, 1, 1, 0, 0, 0], 0, ([7, 3, 4], [36, 36, 0, 0]), [2, 2, 2], [0, 0]]
['org.privacymatters.safespace_40', 1, [1, 1, 0, 1, 1, 0, 0, 0], 0, ([15, 7, 8], [104, 78, 0, 26]), [3, 2, 1], [0, 0]]
['com.glitterware.passy_19', 1, [1, 1, 0, 1, 1, 0, 0, 0], 0, ([41, 4, 37], [152, 135, 1, 16]), [3, 0, 1], [0, 0]]
['com.paranoiaworks.unicus.android.sse_118', 1, [1, 1, 0, 0, 1, 0, 0, 0], 0, ([22, 16, 6], [90, 85, 0, 5]), [5, 3, 1], [0, 0]]
['opencontacts.open.com.opencontacts_31', 0, [0, 0, 0, 0, 0, 0, 0, 0], 0, ([0, 0, 0], [0, 0, 0, 0]), [0, 0, 0], [0, 0]]
['org.projectvoodoo.simplecarrieriqdetector_16', 0, [0, 0, 0, 0, 0, 0, 0, 0], 0, ([0, 0, 0], [0, 0, 0, 0]), [0, 0, 0], [0, 0]]
['im.status.ethereum_2024121818', 1, [1, 1, 0, 1, 1, 0, 0, 0], 0, ([571, 303, 268], [1379, 1226, 0, 153]), [73, 5, 22], [0, 0]]
['groomiac.crocodilenote_16', 0, [0, 0, 0, 0, 0, 0, 0, 0], 0, ([0, 0, 0], [0, 0, 0, 0]), [0, 0, 0], [0, 0]]
['fr.guillaumevillena.opendnsupdater_224', 0, [0, 0, 0, 0, 0, 0, 0, 0], 0, ([0, 0, 0], [0, 0, 0, 0]), [0, 0, 0], [0, 0]]
['com.aravi.dot_30105', 0, [0, 0, 0, 0, 0, 0, 0, 0], 0, ([0, 0, 0], [0, 0, 0, 0]), [0, 0, 0], [0, 0]]
['com.flipperdevices.app_1846', 1, [1, 1, 0, 1, 1, 0, 0, 0], 0, ([9, 1, 8], [32, 31, 0, 1]), [3, 2, 1], [0, 0]]
['org.sufficientlysecure.keychain_60400', 0, [0, 0, 0, 0, 0, 0, 0, 0], 0, ([0, 0, 0], [0, 0, 0, 0]), [0, 0, 0], [0, 0]]
['org.keyoxide.keyoxide_216', 1, [1, 1, 0, 0, 1, 0, 0, 0], 0, ([41, 4, 37], [151, 134, 1, 16]), [2, 0, 1], [0, 0]]
['deltazero.amarok.foss_118', 0, [0, 0, 0, 0, 0, 0, 0, 0], 0, ([0, 0, 0], [0, 0, 0, 0]), [0, 0, 0], [0, 0]]
['io.oversec.one_1005015', 0, [0, 0, 0, 0, 0, 0, 0, 0], 0, ([0, 0, 0], [0, 0, 0, 0]), [0, 0, 0], [0, 0]]
['com.securefilemanager.app_12', 1, [1, 1, 0, 1, 1, 0, 0, 0], 0, ([3, 0, 3], [17, 11, 0, 6]), [2, 1, 0], [0, 0]]
['org.strongswan.android_84', 1, [1, 1, 0, 1, 1, 0, 0, 0], 0, ([7, 2, 5], [18, 17, 0, 1]), [8, 1, 1], [0, 0]]
['org.witness.sscphase1_5021', 1, [1, 1, 0, 1, 1, 0, 0, 1], 0, ([2, 0, 2], [12, 12, 0, 0]), [1, 1, 0], [0, 0]]
['com.cyb3rko.pincredible_12', 1, [1, 1, 0, 1, 1, 0, 0, 0], 0, ([3, 0, 3], [17, 11, 0, 6]), [2, 1, 0], [0, 0]]
['org.freedombox.freedombox_9', 0, [0, 0, 0, 0, 0, 0, 0, 0], 0, ([0, 0, 0], [0, 0, 0, 0]), [0, 0, 0], [0, 0]]
['com.etesync.syncadapter_20404', 1, [1, 1, 0, 1, 1, 0, 0, 0], 0, ([464, 464, 0], [1425, 1152, 0, 273]), [2, 1, 2], [0, 0]]
['org.bitbatzen.wlanscanner_7', 0, [0, 0, 0, 0, 0, 0, 0, 0], 0, ([0, 0, 0], [0, 0, 0, 0]), [0, 0, 0], [0, 0]]
['org.rubenpgrady.dpcopycat_7', 0, [0, 0, 0, 0, 0, 0, 0, 0], 0, ([0, 0, 0], [0, 0, 0, 0]), [0, 0, 0], [0, 0]]
['com.tuyafeng.watt_4', 0, [0, 0, 0, 0, 0, 0, 0, 0], 0, ([0, 0, 0], [0, 0, 0, 0]), [0, 0, 0], [0, 0]]
['com.zaneschepke.wireguardautotunnel_36600', 1, [1, 1, 0, 1, 1, 0, 0, 0], 0, ([14, 6, 8], [37, 36, 0, 1]), [8, 3, 1], [0, 0]]
['org.cryptomator.lite_2971', 0, [0, 0, 0, 0, 0, 0, 0, 0], 0, ([19, 0, 19], [92, 70, 0, 22]), [0, 0, 0], [0, 0]]
['design.codeux.authpass.fdroid_164', 1, [1, 1, 0, 0, 1, 0, 0, 0], 0, ([41, 4, 37], [152, 135, 1, 16]), [3, 0, 1], [0, 0]]
['be.casperverswijvelt.unifiedinternetqs_3010001', 1, [1, 1, 0, 1, 1, 0, 0, 0], 0, ([8, 0, 8], [24, 23, 0, 1]), [2, 1, 1], [0, 0]]
['com.android.keepass_215', 1, [1, 1, 0, 1, 1, 0, 0, 0], 0, ([7, 3, 4], [36, 36, 0, 0]), [2, 2, 2], [0, 0]]
['co.loubo.icicle_4', 0, [0, 0, 0, 0, 0, 0, 0, 0], 0, ([0, 0, 0], [0, 0, 0, 0]), [0, 0, 0], [0, 0]]
['me.lucky.sentry_9', 0, [0, 0, 0, 0, 0, 0, 0, 0], 0, ([0, 0, 0], [0, 0, 0, 0]), [0, 0, 0], [0, 0]]
['com.craftxbox.yubiclip.xor_10003', 0, [0, 0, 0, 0, 0, 0, 0, 0], 0, ([0, 0, 0], [0, 0, 0, 0]), [0, 0, 0], [0, 0]]
['com.password.monitor_102', 0, [0, 0, 0, 0, 0, 0, 0, 0], 0, ([0, 0, 0], [0, 0, 0, 0]), [0, 0, 0], [0, 0]]
['com.codedead.deadhash_12', 0, [0, 0, 0, 0, 0, 0, 0, 0], 0, ([0, 0, 0], [0, 0, 0, 0]), [0, 0, 0], [0, 0]]
['com.xinto.mauth_90', 1, [1, 1, 0, 1, 1, 0, 0, 0], 0, ([13, 5, 8], [89, 68, 0, 21]), [3, 2, 1], [0, 0]]
['net.typeblog.shelter_445', 0, [0, 0, 0, 0, 0, 0, 0, 0], 0, ([0, 0, 0], [0, 0, 0, 0]), [0, 0, 0], [0, 0]]
['com.daemon.ssh_39', 0, [0, 0, 0, 0, 0, 0, 0, 0], 0, ([0, 0, 0], [0, 0, 0, 0]), [0, 0, 0], [0, 0]]
['com.standardnotes_3003130', 1, [1, 1, 1, 1, 1, 0, 0, 0], 0, ([301, 167, 134], [719, 585, 0, 134]), [51, 2, 20], [0, 0]]
['org.nick.cryptfs.passwdmanager_1260', 0, [0, 0, 0, 0, 0, 0, 0, 0], 0, ([0, 0, 0], [0, 0, 0, 0]), [0, 0, 0], [0, 0]]
['com.integralblue.callerid_7', 0, [0, 0, 0, 0, 0, 0, 0, 0], 0, ([0, 0, 0], [0, 0, 0, 0]), [0, 0, 0], [0, 0]]
['com.ivanovsky.passnotes_11100', 0, [0, 0, 0, 0, 0, 0, 0, 0], 0, ([0, 0, 0], [0, 0, 0, 0]), [0, 0, 0], [0, 0]]
['net.i2p.android.router_4745289', 0, [0, 0, 0, 0, 0, 0, 0, 0], 0, ([9, 9, 0], [18, 17, 0, 1]), [0, 0, 0], [0, 0]]
['name.seguri.android.isphoneencrypted_1', 0, [0, 0, 0, 0, 0, 0, 0, 0], 0, ([0, 0, 0], [0, 0, 0, 0]), [0, 0, 0], [0, 0]]
['org.secuso.privacyfriendlypasswordgenerator_7', 0, [0, 0, 0, 0, 0, 0, 0, 0], 0, ([0, 0, 0], [0, 0, 0, 0]), [0, 0, 0], [0, 0]]
['com.example.openpass_1', 0, [0, 0, 0, 0, 0, 0, 0, 0], 0, ([0, 0, 0], [0, 0, 0, 0]), [0, 0, 0], [0, 0]]
['com.vecturagames.android.app.passwordmaster_12', 0, [0, 0, 0, 0, 0, 0, 0, 0], 0, ([0, 0, 0], [0, 0, 0, 0]), [0, 0, 0], [0, 0]]
['com.amnesica.kryptey_24', 1, [1, 1, 0, 1, 1, 0, 0, 0], 0, ([301, 301, 0], [866, 807, 0, 59]), [1, 1, 0], [0, 0]]
['org.onionshare.android.fdroid_214', 1, [0, 0, 0, 0, 1, 0, 0, 0], 0, ([153, 153, 0], [374, 366, 0, 8]), [3, 0, 0], [0, 0]]
['org.openobservatory.ooniprobe_124', 1, [1, 1, 0, 1, 1, 0, 0, 0], 0, ([128, 31, 97], [199, 160, 0, 39]), [1, 1, 0], [0, 0]]
['com.tananaev.passportreader_20', 1, [1, 1, 0, 1, 1, 0, 0, 0], 0, ([6, 6, 0], [31, 31, 0, 0]), [1, 1, 1], [0, 0]]
['org.freenetproject.mobile_308', 1, [1, 1, 0, 1, 1, 0, 0, 1], 0, ([97, 89, 8], [401, 331, 0, 70]), [1, 1, 1], [0, 0]]
['com.hegocre.nextcloudpasswords_32', 1, [1, 1, 1, 1, 1, 1, 1, 0], 0, ([83, 69, 14], [372, 305, 0, 67]), [4, 2, 2], [0, 0]]
['com.fr.laboussole.track_50020', 1, [1, 1, 0, 1, 1, 0, 0, 0], 0, ([234, 136, 98], [558, 467, 0, 91]), [19, 0, 11], [0, 0]]
['com.xBrowserSync.android_15201', 0, [0, 0, 0, 0, 0, 0, 0, 0], 0, ([0, 0, 0], [0, 0, 0, 0]), [0, 0, 0], [0, 0]]
['net.sf.crypt.gort_8', 0, [0, 0, 0, 0, 0, 0, 0, 0], 0, ([0, 0, 0], [0, 0, 0, 0]), [0, 0, 0], [0, 0]]
['com.yubico.yubioath_701024', 1, [0, 0, 0, 0, 1, 0, 0, 0], 0, ([46, 9, 37], [216, 179, 1, 36]), [3, 1, 1], [0, 0]]
['org.eu.exodus_privacy.exodusprivacy_23', 1, [1, 1, 0, 1, 1, 0, 0, 0], 0, ([0, 0, 0], [0, 0, 0, 0]), [1, 1, 0], [0, 0]]
['ro.ioanm.fissh_60', 1, [1, 1, 0, 1, 1, 0, 0, 0], 0, ([62, 7, 55], [140, 135, 0, 5]), [1, 0, 1], [0, 0]]
['de.jepfa.yapm_200004', 0, [0, 0, 0, 0, 0, 0, 0, 0], 0, ([256, 256, 0], [722, 687, 0, 35]), [0, 0, 0], [0, 0]]
['com.greenart7c3.citrine_43', 1, [1, 1, 1, 1, 1, 1, 1, 0], 0, ([333, 145, 188], [1430, 1300, 0, 130]), [4, 2, 2], [0, 0]]
['open.com.permissionsmanager_8', 0, [0, 0, 0, 0, 0, 0, 0, 0], 0, ([0, 0, 0], [0, 0, 0, 0]), [0, 0, 0], [0, 0]]
['org.purplei2p.i2pd_2550000', 1, [1, 1, 0, 1, 1, 0, 0, 0], 0, ([17, 17, 0], [20, 20, 0, 0]), [1, 1, 0], [0, 0]]
['org.astonbitecode.rustkeylock_1500', 1, [1, 1, 0, 0, 0, 0, 0, 0], 0, ([4, 3, 1], [11, 8, 0, 3]), [1, 1, 1], [0, 0]]
['com.aaronjwood.portauthority_67', 1, [1, 1, 0, 1, 1, 0, 0, 0], 0, ([1, 0, 1], [2, 2, 0, 0]), [1, 1, 0], [0, 0]]
['de.nellessen.usercontrolleddecryptionoperations_6', 0, [0, 0, 0, 0, 0, 0, 0, 0], 0, ([0, 0, 0], [0, 0, 0, 0]), [0, 0, 0], [0, 0]]
['digital.ventral.ips_1', 0, [0, 0, 0, 0, 0, 0, 0, 0], 0, ([0, 0, 0], [0, 0, 0, 0]), [0, 0, 0], [0, 0]]
['me.lucky.wasted_39', 0, [0, 0, 0, 0, 0, 0, 0, 0], 0, ([0, 0, 0], [0, 0, 0, 0]), [0, 0, 0], [0, 0]]
['com.cyb3rko.pazzword_12', 0, [0, 0, 0, 0, 0, 0, 0, 0], 0, ([0, 0, 0], [0, 0, 0, 0]), [0, 0, 0], [0, 0]]
['de.nulide.findmydevice_33', 1, [1, 1, 0, 1, 1, 0, 0, 0], 0, ([6, 6, 0], [78, 54, 0, 24]), [1, 1, 0], [0, 0]]
['com.tht.k3pler_4', 1, [0, 0, 0, 0, 0, 0, 0, 1], 0, ([160, 137, 23], [417, 388, 0, 29]), [0, 0, 0], [0, 0]]
['com.albertobonacina.wassword_28', 1, [1, 1, 0, 0, 1, 0, 0, 0], 0, ([42, 4, 38], [152, 135, 1, 16]), [2, 0, 1], [0, 0]]
['org.proninyaroslav.blink_comparison_5073', 1, [0, 0, 0, 0, 1, 0, 0, 0], 0, ([46, 9, 37], [216, 179, 1, 36]), [4, 1, 1], [0, 0]]
['com.tnibler.cryptocam_17', 1, [1, 1, 0, 1, 1, 0, 0, 0], 0, ([13, 10, 3], [23, 19, 0, 4]), [1, 1, 0], [0, 0]]
['info.guardianproject.ripple_168', 0, [0, 0, 0, 0, 0, 0, 0, 0], 0, ([0, 0, 0], [0, 0, 0, 0]), [0, 0, 0], [0, 0]]
['peanutencryption.peanutencryption_4', 0, [0, 0, 0, 0, 0, 0, 0, 0], 0, ([0, 0, 0], [0, 0, 0, 0]), [0, 0, 0], [0, 0]]
['org.smssecure.smssecure_211', 1, [1, 1, 1, 1, 1, 1, 0, 0], 0, ([8, 0, 8], [25, 25, 0, 0]), [1, 1, 0], [0, 0]]
['com.oF2pks.adbungfu_17', 0, [0, 0, 0, 0, 0, 0, 0, 0], 0, ([0, 0, 0], [0, 0, 0, 0]), [0, 0, 0], [0, 0]]
['org.briarproject.mailbox_10009', 1, [1, 1, 0, 1, 1, 0, 0, 0], 0, ([330, 204, 126], [717, 552, 6, 159]), [3, 0, 0], [0, 0]]
['com.oF2pks.neolinker_7', 0, [0, 0, 0, 0, 0, 0, 0, 0], 0, ([0, 0, 0], [0, 0, 0, 0]), [0, 0, 0], [0, 0]]
['se.leap.riseupvpn_176000', 1, [1, 1, 0, 1, 1, 0, 0, 0], 0, ([439, 335, 104], [1186, 937, 0, 249]), [6, 3, 3], [4, 0]]
['org.irmacard.cardemu_4194471', 1, [1, 1, 0, 0, 1, 0, 0, 0], 0, ([76, 26, 50], [224, 200, 1, 23]), [6, 3, 1], [0, 0]]
['org.briarproject.briar.android_10513', 1, [1, 1, 0, 1, 1, 0, 0, 0], 0, ([8, 0, 8], [25, 25, 0, 0]), [3, 0, 0], [0, 0]]
['info.aario.mywifipasswords_2', 0, [0, 0, 0, 0, 0, 0, 0, 0], 0, ([0, 0, 0], [0, 0, 0, 0]), [0, 0, 0], [0, 0]]
['org.calyxinstitute.vpn_176000', 1, [1, 1, 0, 1, 1, 0, 0, 0], 0, ([439, 335, 104], [1186, 937, 0, 249]), [6, 3, 3], [4, 0]]
['io.github.saeeddev94.xray_604', 1, [0, 0, 0, 0, 1, 0, 0, 0], 0, ([15, 11, 4], [27, 25, 0, 2]), [2, 1, 1], [0, 0]]
['net.ivpn.client_136', 1, [1, 1, 0, 1, 1, 0, 0, 0], 0, ([430, 418, 12], [1402, 1050, 0, 352]), [11, 6, 1], [8, 0]]
['org.iilab.openmentoring_2008', 0, [0, 0, 0, 0, 0, 0, 0, 0], 0, ([0, 0, 0], [0, 0, 0, 0]), [0, 0, 0], [0, 0]]
['com.nemesis.droidcrypt_2', 0, [0, 0, 0, 0, 0, 0, 0, 0], 0, ([0, 0, 0], [0, 0, 0, 0]), [0, 0, 0], [0, 0]]
['com.celzero.bravedns_45', 1, [1, 1, 0, 1, 1, 0, 0, 0], 0, ([349, 50, 299], [656, 589, 0, 67]), [1, 1, 0], [0, 0]]
['com.jefftharris.passwdsafe_6240000', 1, [1, 1, 0, 1, 1, 0, 0, 0], 0, ([1, 1, 0], [3, 3, 0, 0]), [1, 1, 0], [0, 0]]
['pan.alexander.tordnscrypt.stable_24303', 1, [1, 0, 0, 0, 0, 0, 0, 0], 0, ([11, 2, 9], [35, 35, 0, 0]), [11, 1, 1], [0, 0]]
['com.twinone.locker_2600', 0, [0, 0, 0, 0, 0, 0, 0, 0], 0, ([0, 0, 0], [0, 0, 0, 0]), [0, 0, 0], [0, 0]]
['net.kollnig.missioncontrol.fdroid_2024121503', 1, [1, 1, 0, 1, 1, 0, 0, 0], 0, ([13, 4, 9], [33, 33, 0, 0]), [1, 1, 1], [0, 0]]
['org.secuso.privacyfriendlypin_9', 0, [0, 0, 0, 0, 0, 0, 0, 0], 0, ([0, 0, 0], [0, 0, 0, 0]), [0, 0, 0], [0, 0]]
['dev.leonlatsch.photok_33', 1, [1, 1, 0, 1, 1, 0, 0, 0], 0, ([8, 0, 8], [24, 23, 0, 1]), [1, 0, 1], [0, 0]]
['org.cry.otp_26', 0, [0, 0, 0, 0, 0, 0, 0, 0], 0, ([0, 0, 0], [0, 0, 0, 0]), [0, 0, 0], [0, 0]]
['cityfreqs.com.pilfershushjammer_43', 0, [0, 0, 0, 0, 0, 0, 0, 0], 0, ([0, 0, 0], [0, 0, 0, 0]), [0, 0, 0], [0, 0]]
['com.jairaj.janglegmail.motioneye_105', 0, [0, 0, 0, 0, 0, 0, 0, 0], 0, ([0, 0, 0], [0, 0, 0, 0]), [0, 0, 0], [0, 0]]
['info.guardianproject.pixelknot_1021', 1, [1, 1, 0, 1, 1, 0, 0, 0], 0, ([30, 0, 30], [107, 76, 0, 31]), [1, 1, 0], [0, 0]]
['me.lucky.duress_12', 0, [0, 0, 0, 0, 0, 0, 0, 0], 0, ([0, 0, 0], [0, 0, 0, 0]), [0, 0, 0], [0, 0]]
['info.staticfree.SuperGenPass_22', 0, [0, 0, 0, 0, 0, 0, 0, 0], 0, ([0, 0, 0], [0, 0, 0, 0]), [0, 0, 0], [0, 0]]
['com.hmdm.launcher_15140', 0, [0, 0, 0, 0, 0, 0, 0, 0], 0, ([0, 0, 0], [0, 0, 0, 0]), [0, 0, 0], [0, 0]]
['nl.eduvpn.app_31', 1, [1, 1, 0, 1, 1, 0, 0, 0], 0, ([84, 61, 23], [234, 189, 0, 45]), [11, 6, 1], [4, 0]]
['dmusiolik.pijaret_9', 0, [0, 0, 0, 0, 0, 0, 0, 0], 0, ([0, 0, 0], [0, 0, 0, 0]), [0, 0, 0], [0, 0]]
['us.spotco.motionlock_22', 0, [0, 0, 0, 0, 0, 0, 0, 0], 0, ([0, 0, 0], [0, 0, 0, 0]), [0, 0, 0], [0, 0]]
['ara.memoryguardian_13', 1, [1, 1, 0, 1, 1, 0, 0, 0], 0, ([0, 0, 0], [0, 0, 0, 0]), [1, 1, 0], [0, 0]]
['org.ligi.satoshiproof_104', 0, [0, 0, 0, 0, 0, 0, 0, 0], 0, ([0, 0, 0], [0, 0, 0, 0]), [0, 0, 0], [0, 0]]
['io.nandandesai.privacybreacher_2', 0, [0, 0, 0, 0, 0, 0, 0, 0], 0, ([0, 0, 0], [0, 0, 0, 0]), [0, 0, 0], [0, 0]]
['sushi.hardcore.droidfs_374', 1, [1, 0, 0, 0, 0, 0, 0, 0], 0, ([41, 2, 39], [175, 165, 0, 10]), [9, 5, 0], [0, 0]]
['com.beemdevelopment.aegis_77', 1, [1, 1, 0, 1, 1, 0, 0, 0], 0, ([5, 5, 0], [65, 45, 0, 20]), [1, 1, 0], [0, 0]]
['org.asnelt.derandom_15', 0, [0, 0, 0, 0, 0, 0, 0, 0], 0, ([0, 0, 0], [0, 0, 0, 0]), [0, 0, 0], [0, 0]]
['org.passwordmaker.android_11', 0, [0, 0, 0, 0, 0, 0, 0, 0], 0, ([0, 0, 0], [0, 0, 0, 0]), [0, 0, 0], [0, 0]]
['xyz.iridiumion.plucklockex_4', 0, [0, 0, 0, 0, 0, 0, 0, 0], 0, ([0, 0, 0], [0, 0, 0, 0]), [0, 0, 0], [0, 0]]
['com.iyps_154', 0, [0, 0, 0, 0, 0, 0, 0, 0], 0, ([0, 0, 0], [0, 0, 0, 0]), [0, 0, 0], [0, 0]]
['com.xargsgrep.portknocker_14', 0, [0, 0, 0, 0, 0, 0, 0, 0], 0, ([0, 0, 0], [0, 0, 0, 0]), [0, 0, 0], [0, 0]]
['org.torproject.torservices_3004', 1, [1, 0, 0, 0, 0, 0, 0, 0], 0, ([7, 1, 6], [9, 8, 0, 1]), [1, 1, 0], [0, 0]]
['org.ddosolitary.okcagent_6', 1, [1, 1, 0, 1, 1, 0, 0, 0], 0, ([22, 0, 22], [59, 58, 0, 1]), [2, 2, 0], [0, 0]]
['it.danieleverducci.ojo_9', 1, [1, 1, 0, 1, 1, 0, 0, 0], 0, ([109, 9, 100], [196, 169, 0, 27]), [11, 1, 2], [0, 0]]
['com.oF2pks.classyshark3xodus_34', 0, [0, 0, 0, 0, 0, 0, 0, 0], 0, ([0, 0, 0], [0, 0, 0, 0]), [0, 0, 0], [0, 0]]
['us.spotco.malwarescanner_314', 0, [0, 0, 0, 0, 0, 0, 0, 0], 0, ([0, 0, 0], [0, 0, 0, 0]), [0, 0, 0], [0, 0]]
