apk_name, have_lib, [arm64-v8a, armeabi-v7a, armeabi, x86, x86_64, mips, mips64, other], native-activity, ([jni_method_total_num, static_num, nostatic_num], [total_all_type, total_basic_type, total_icc_type, total_complex_type, total_complex_type]), [so_total_num, so_Java_num, so_onLoad_num], [have_other_elf, have_pwd_zip]
['com.github.gschwind.fiddle_assistant_110', 1, [1, 1, 0, 1, 1, 0, 0, 0], 0, ([4, 0, 4], [11, 11, 0, 0]), [1, 1, 0], [0, 0]]
['org.windvolt_202110', 0, [0, 0, 0, 0, 0, 0, 0, 0], 0, ([0, 0, 0], [0, 0, 0, 0]), [0, 0, 0], [0, 0]]
['com.sigseg.android.worldmap_12', 0, [0, 0, 0, 0, 0, 0, 0, 0], 0, ([0, 0, 0], [0, 0, 0, 0]), [0, 0, 0], [0, 0]]
['org.icasdri.mather_300', 0, [0, 0, 0, 0, 0, 0, 0, 0], 0, ([0, 0, 0], [0, 0, 0, 0]), [0, 0, 0], [0, 0]]
['com.tananaev.calculator_11', 0, [0, 0, 0, 0, 0, 0, 0, 0], 0, ([0, 0, 0], [0, 0, 0, 0]), [0, 0, 0], [0, 0]]
['com.ridgebotics.ridgescout_6', 1, [1, 1, 0, 1, 1, 0, 0, 0], 0, ([20, 17, 3], [122, 87, 0, 35]), [2, 2, 0], [0, 0]]
['org.thecongers.mtpms_4', 0, [0, 0, 0, 0, 0, 0, 0, 0], 0, ([0, 0, 0], [0, 0, 0, 0]), [0, 0, 0], [0, 0]]
['org.woheller69.seemless_13', 1, [1, 0, 0, 0, 0, 0, 0, 0], 0, ([13, 8, 5], [35, 19, 0, 16]), [3, 0, 2], [0, 0]]
['com.example.spokennumbers_10', 0, [0, 0, 0, 0, 0, 0, 0, 0], 0, ([0, 0, 0], [0, 0, 0, 0]), [0, 0, 0], [0, 0]]
['org.docspell.docspellshare_40', 0, [0, 0, 0, 0, 0, 0, 0, 0], 0, ([0, 0, 0], [0, 0, 0, 0]), [0, 0, 0], [0, 0]]
['com.mattieapps.roommates_9', 0, [0, 0, 0, 0, 0, 0, 0, 0], 0, ([0, 0, 0], [0, 0, 0, 0]), [0, 0, 0], [0, 0]]
['se.pp.mc.android.Gerberoid_10001', 1, [1, 1, 0, 0, 0, 0, 0, 0], 0, ([19, 3, 16], [55, 53, 0, 2]), [1, 0, 1], [0, 0]]
['com.llamacorp.equate_12', 0, [0, 0, 0, 0, 0, 0, 0, 0], 0, ([0, 0, 0], [0, 0, 0, 0]), [0, 0, 0], [0, 0]]
['de.monde_diplomatique.android.app.free_20200900', 1, [1, 1, 0, 1, 1, 0, 0, 0], 0, ([863, 317, 546], [2085, 1549, 0, 536]), [3, 2, 2], [0, 0]]
['de.baswil.gctools_1', 0, [0, 0, 0, 0, 0, 0, 0, 0], 0, ([0, 0, 0], [0, 0, 0, 0]), [0, 0, 0], [0, 0]]
['com.glanznig.beepme_22', 1, [0, 1, 1, 1, 0, 0, 0, 0], 0, ([4, 0, 4], [9, 9, 0, 0]), [1, 0, 1], [0, 0]]
['com.moimob.drinkable_15600', 0, [0, 0, 0, 0, 0, 0, 0, 0], 0, ([0, 0, 0], [0, 0, 0, 0]), [0, 0, 0], [0, 0]]
['de.HS_Aalen.don_6', 0, [0, 0, 0, 0, 0, 0, 0, 0], 0, ([0, 0, 0], [0, 0, 0, 0]), [0, 0, 0], [0, 0]]
['com.github.gianlucanitti.expreval_3', 0, [0, 0, 0, 0, 0, 0, 0, 0], 0, ([0, 0, 0], [0, 0, 0, 0]), [0, 0, 0], [0, 0]]
['org.tamanegi.atmosphere_9', 0, [0, 0, 0, 0, 0, 0, 0, 0], 0, ([0, 0, 0], [0, 0, 0, 0]), [0, 0, 0], [0, 0]]
['com.quaap.primary_33', 0, [0, 0, 0, 0, 0, 0, 0, 0], 0, ([0, 0, 0], [0, 0, 0, 0]), [0, 0, 0], [0, 0]]
['org.studip.unofficial_app_16', 0, [0, 0, 0, 0, 0, 0, 0, 0], 0, ([0, 0, 0], [0, 0, 0, 0]), [0, 0, 0], [0, 0]]
['org.privacyhelper_8', 0, [0, 0, 0, 0, 0, 0, 0, 0], 0, ([0, 0, 0], [0, 0, 0, 0]), [0, 0, 0], [0, 0]]
['com.vonglasow.michael.voltagedrop_10000', 0, [0, 0, 0, 0, 0, 0, 0, 0], 0, ([0, 0, 0], [0, 0, 0, 0]), [0, 0, 0], [0, 0]]
['dudeofx.eval_101', 0, [0, 0, 0, 0, 0, 0, 0, 0], 0, ([0, 0, 0], [0, 0, 0, 0]), [0, 0, 0], [0, 0]]
['eu.zimbelstern.tournant_28', 0, [0, 0, 0, 0, 0, 0, 0, 0], 0, ([0, 0, 0], [0, 0, 0, 0]), [0, 0, 0], [0, 0]]
['org.vono.narau_6', 0, [0, 0, 0, 0, 0, 0, 0, 0], 0, ([0, 0, 0], [0, 0, 0, 0]), [0, 0, 0], [0, 0]]
['de.k3b.android.geo2articlesmap_6', 0, [0, 0, 0, 0, 0, 0, 0, 0], 0, ([0, 0, 0], [0, 0, 0, 0]), [0, 0, 0], [0, 0]]
['pro.oblivioncoding.fluffy_board_33112291', 1, [1, 1, 0, 0, 1, 0, 0, 0], 0, ([35, 4, 31], [129, 115, 1, 13]), [2, 0, 1], [0, 0]]
['flunzmas.seasoncalendar_45', 1, [1, 1, 0, 0, 1, 0, 0, 0], 0, ([37, 4, 33], [141, 125, 1, 15]), [2, 0, 1], [0, 0]]
['org.afrikalan.tuxmath_4', 0, [0, 0, 0, 0, 0, 0, 0, 0], 0, ([0, 0, 0], [0, 0, 0, 0]), [0, 0, 0], [0, 0]]
['eu.lavarde.pmtd_2014110820', 0, [0, 0, 0, 0, 0, 0, 0, 0], 0, ([0, 0, 0], [0, 0, 0, 0]), [0, 0, 0], [0, 0]]
['yetzio.yetcalc_22', 0, [0, 0, 0, 0, 0, 0, 0, 0], 0, ([0, 0, 0], [0, 0, 0, 0]), [0, 0, 0], [0, 0]]
['org.tuxpaint_9340', 1, [1, 0, 0, 0, 0, 0, 0, 0], 0, ([54, 46, 8], [145, 143, 0, 2]), [97, 2, 1], [0, 0]]
['fr.onyx.lyon1_2052', 1, [1, 0, 0, 0, 0, 0, 0, 0], 0, ([46, 9, 37], [216, 179, 1, 36]), [3, 1, 1], [0, 0]]
['org.gnu.itsmoroto.cifrasoletras_10301', 0, [0, 0, 0, 0, 0, 0, 0, 0], 0, ([0, 0, 0], [0, 0, 0, 0]), [0, 0, 0], [0, 0]]
['es.eoinrul.ecwt_46', 0, [0, 0, 0, 0, 0, 0, 0, 0], 0, ([0, 0, 0], [0, 0, 0, 0]), [0, 0, 0], [0, 0]]
['org.gringene.concentricclock_3', 0, [0, 0, 0, 0, 0, 0, 0, 0], 0, ([0, 0, 0], [0, 0, 0, 0]), [0, 0, 0], [0, 0]]
['rocks.poopjournal.morse_12', 0, [0, 0, 0, 0, 0, 0, 0, 0], 0, ([0, 0, 0], [0, 0, 0, 0]), [0, 0, 0], [0, 0]]
['org.jfedor.nxtremotecontrol_8', 0, [0, 0, 0, 0, 0, 0, 0, 0], 0, ([0, 0, 0], [0, 0, 0, 0]), [0, 0, 0], [0, 0]]
['org.scoutant.rpn_4', 0, [0, 0, 0, 0, 0, 0, 0, 0], 0, ([0, 0, 0], [0, 0, 0, 0]), [0, 0, 0], [0, 0]]
['vocabletrainer.heinecke.aron.vocabletrainer_25', 0, [0, 0, 0, 0, 0, 0, 0, 0], 0, ([0, 0, 0], [0, 0, 0, 0]), [0, 0, 0], [0, 0]]
['io.librehealth.mhbs.essential_care_for_every_baby_1', 1, [1, 1, 0, 0, 1, 0, 0, 0], 0, ([35, 4, 31], [129, 115, 1, 13]), [2, 0, 1], [0, 0]]
['de.bwl.lfdi.app_2', 0, [0, 0, 0, 0, 0, 0, 0, 0], 0, ([0, 0, 0], [0, 0, 0, 0]), [0, 0, 0], [0, 0]]
['com.isaakhanimann.journal_57', 1, [1, 1, 0, 1, 1, 0, 0, 0], 0, ([8, 0, 8], [24, 23, 0, 1]), [2, 1, 1], [0, 0]]
['com.example.kotlinquiz_1', 0, [0, 0, 0, 0, 0, 0, 0, 0], 0, ([0, 0, 0], [0, 0, 0, 0]), [0, 0, 0], [0, 0]]
['io.krmanik.ankiimageocclusion_14800', 0, [0, 0, 0, 0, 0, 0, 0, 0], 0, ([0, 0, 0], [0, 0, 0, 0]), [0, 0, 0], [0, 0]]
['org.woheller69.solxpect_25', 0, [0, 0, 0, 0, 0, 0, 0, 0], 0, ([0, 0, 0], [0, 0, 0, 0]), [0, 0, 0], [0, 0]]
['subins2000.manglish_7', 0, [0, 0, 0, 0, 0, 0, 0, 0], 0, ([0, 0, 0], [0, 0, 0, 0]), [0, 0, 0], [0, 0]]
['com.ichi2.anki_22001300', 1, [1, 1, 0, 1, 1, 0, 0, 0], 0, ([3, 0, 3], [9, 9, 0, 0]), [1, 1, 0], [0, 0]]
['ca.ramzan.virtuosity_2', 0, [0, 0, 0, 0, 0, 0, 0, 0], 0, ([0, 0, 0], [0, 0, 0, 0]), [0, 0, 0], [0, 0]]
['atm.nasaimages_3', 0, [0, 0, 0, 0, 0, 0, 0, 0], 0, ([0, 0, 0], [0, 0, 0, 0]), [0, 0, 0], [0, 0]]
['com.esperantajvortaroj.app_26', 0, [0, 0, 0, 0, 0, 0, 0, 0], 0, ([0, 0, 0], [0, 0, 0, 0]), [0, 0, 0], [0, 0]]
['com.leafdigital.kanji.android_2', 0, [0, 0, 0, 0, 0, 0, 0, 0], 0, ([0, 0, 0], [0, 0, 0, 0]), [0, 0, 0], [0, 0]]
['com.gitlab.dibdib.dib2calc_2426', 0, [0, 0, 0, 0, 0, 0, 0, 0], 0, ([0, 0, 0], [0, 0, 0, 0]), [0, 0, 0], [0, 0]]
['de.mw136.tonuino_30', 0, [0, 0, 0, 0, 0, 0, 0, 0], 0, ([0, 0, 0], [0, 0, 0, 0]), [0, 0, 0], [0, 0]]
['godau.fynn.moodledirect_8', 0, [0, 0, 0, 0, 0, 0, 0, 0], 0, ([0, 0, 0], [0, 0, 0, 0]), [0, 0, 0], [0, 0]]
['org.c_base.c_beam_36', 0, [0, 0, 0, 0, 0, 0, 0, 0], 0, ([0, 0, 0], [0, 0, 0, 0]), [0, 0, 0], [0, 0]]
['io.neurolab_1', 0, [0, 0, 0, 0, 0, 0, 0, 0], 0, ([3520, 348, 3172], [21112, 19249, 0, 1863]), [0, 0, 0], [0, 0]]
['ch.hgdev.toposuite_74', 0, [0, 0, 0, 0, 0, 0, 0, 0], 0, ([0, 0, 0], [0, 0, 0, 0]), [0, 0, 0], [0, 0]]
['com.evancharlton.mileage_3110', 0, [0, 0, 0, 0, 0, 0, 0, 0], 0, ([0, 0, 0], [0, 0, 0, 0]), [0, 0, 0], [0, 0]]
['org.happypeng.sumatora.android.sumatoradictionary_31', 1, [1, 1, 0, 1, 1, 0, 0, 0], 0, ([61, 61, 0], [200, 197, 0, 3]), [1, 0, 1], [0, 0]]
['com.goltzkiste.guessaday_8', 0, [0, 0, 0, 0, 0, 0, 0, 0], 0, ([0, 0, 0], [0, 0, 0, 0]), [0, 0, 0], [0, 0]]
['com.trianguloy.isUserAMonkey_1', 0, [0, 0, 0, 0, 0, 0, 0, 0], 0, ([0, 0, 0], [0, 0, 0, 0]), [0, 0, 0], [0, 0]]
['com.jstappdev.e6bflightcomputer_13', 0, [0, 0, 0, 0, 0, 0, 0, 0], 0, ([0, 0, 0], [0, 0, 0, 0]), [0, 0, 0], [0, 0]]
['uk.ac.ed.inf.mandelbrotmaps_2', 0, [0, 0, 0, 0, 0, 0, 0, 0], 0, ([0, 0, 0], [0, 0, 0, 0]), [0, 0, 0], [0, 0]]
['at.mikenet.serbianlatintocyrillic_61', 0, [0, 0, 0, 0, 0, 0, 0, 0], 0, ([0, 0, 0], [0, 0, 0, 0]), [0, 0, 0], [0, 0]]
['com.mlkyh.hertz_6', 0, [0, 0, 0, 0, 0, 0, 0, 0], 0, ([0, 0, 0], [0, 0, 0, 0]), [0, 0, 0], [0, 0]]
['com.inspiredandroid.linuxcommandbibliotheca_93', 1, [1, 1, 0, 1, 1, 0, 0, 0], 0, ([8, 0, 8], [24, 23, 0, 1]), [1, 0, 1], [0, 0]]
['com.wmstein.tourcount_360', 0, [0, 0, 0, 0, 0, 0, 0, 0], 0, ([0, 0, 0], [0, 0, 0, 0]), [0, 0, 0], [0, 0]]
['com.mattmaniak.rubbishCalc_2', 1, [1, 1, 0, 0, 1, 0, 0, 0], 0, ([31, 4, 27], [113, 101, 1, 11]), [2, 0, 1], [0, 0]]
['com.practicalapps.hamtrainer_8', 1, [1, 1, 1, 1, 1, 1, 0, 0], 0, ([19, 0, 19], [63, 58, 0, 5]), [4, 1, 0], [0, 0]]
['org.uaraven.e_16', 0, [0, 0, 0, 0, 0, 0, 0, 0], 0, ([0, 0, 0], [0, 0, 0, 0]), [0, 0, 0], [0, 0]]
['com.smerty.ham_18', 0, [0, 0, 0, 0, 0, 0, 0, 0], 0, ([0, 0, 0], [0, 0, 0, 0]), [0, 0, 0], [0, 0]]
['fr.ludo1520.whatexp_6', 0, [0, 0, 0, 0, 0, 0, 0, 0], 0, ([0, 0, 0], [0, 0, 0, 0]), [0, 0, 0], [0, 0]]
['org.easyear_19', 1, [1, 1, 0, 1, 1, 0, 0, 0], 0, ([190, 129, 61], [497, 419, 0, 78]), [27, 0, 13], [0, 0]]
['com.odnovolov.forgetmenot_18', 0, [0, 0, 0, 0, 0, 0, 0, 0], 0, ([0, 0, 0], [0, 0, 0, 0]), [0, 0, 0], [0, 0]]
['hsware.HSTempo_17', 0, [0, 0, 0, 0, 0, 0, 0, 0], 0, ([0, 0, 0], [0, 0, 0, 0]), [0, 0, 0], [0, 0]]
['nf.frex.android_10', 0, [0, 0, 0, 0, 0, 0, 0, 0], 0, ([0, 0, 0], [0, 0, 0, 0]), [0, 0, 0], [0, 0]]
['bored.codebyk.mintcalc_111', 1, [1, 1, 0, 0, 1, 0, 0, 0], 0, ([38, 4, 34], [143, 127, 1, 15]), [2, 0, 1], [0, 0]]
['pl.kuben.progressapp_8', 0, [0, 0, 0, 0, 0, 0, 0, 0], 0, ([0, 0, 0], [0, 0, 0, 0]), [0, 0, 0], [0, 0]]
['jp.yhonda_21', 0, [0, 0, 0, 0, 0, 0, 0, 0], 0, ([0, 0, 0], [0, 0, 0, 0]), [0, 0, 0], [8, 0]]
['de.moekadu.tuner_42', 1, [1, 1, 0, 1, 1, 0, 0, 0], 0, ([12, 4, 8], [30, 29, 0, 1]), [2, 1, 1], [0, 0]]
['eu.quelltext.mundraub_237', 0, [0, 0, 0, 0, 0, 0, 0, 0], 0, ([0, 0, 0], [0, 0, 0, 0]), [0, 0, 0], [0, 0]]
['com.alexkang.x3matrixcalculator_6', 0, [0, 0, 0, 0, 0, 0, 0, 0], 0, ([0, 0, 0], [0, 0, 0, 0]), [0, 0, 0], [0, 0]]
['com.mykola.lexinproject_6', 0, [0, 0, 0, 0, 0, 0, 0, 0], 0, ([0, 0, 0], [0, 0, 0, 0]), [0, 0, 0], [0, 0]]
['org.sw24softwares.starkeverben_16', 0, [0, 0, 0, 0, 0, 0, 0, 0], 0, ([0, 0, 0], [0, 0, 0, 0]), [0, 0, 0], [0, 0]]
['com.prhlt.aemus.Read4SpeechExperiments_19', 0, [0, 0, 0, 0, 0, 0, 0, 0], 0, ([0, 0, 0], [0, 0, 0, 0]), [0, 0, 0], [0, 0]]
['org.tessoft.qonvert_12', 0, [0, 0, 0, 0, 0, 0, 0, 0], 0, ([0, 0, 0], [0, 0, 0, 0]), [0, 0, 0], [0, 0]]
['com.NightDreamGames.Grade.ly_295', 1, [1, 1, 0, 1, 1, 0, 0, 0], 0, ([42, 4, 38], [152, 135, 1, 16]), [3, 1, 1], [0, 0]]
['com.juet.attendance_6', 0, [0, 0, 0, 0, 0, 0, 0, 0], 0, ([0, 0, 0], [0, 0, 0, 0]), [0, 0, 0], [0, 0]]
['at.krixec.rosary_10', 1, [1, 1, 0, 1, 1, 0, 0, 0], 0, ([0, 0, 0], [0, 0, 0, 0]), [1, 1, 0], [0, 0]]
['de.steinpfeffer.rdt_1', 0, [0, 0, 0, 0, 0, 0, 0, 0], 0, ([0, 0, 0], [0, 0, 0, 0]), [0, 0, 0], [0, 0]]
['com.javierllorente.adc_1', 0, [0, 0, 0, 0, 0, 0, 0, 0], 0, ([0, 0, 0], [0, 0, 0, 0]), [0, 0, 0], [0, 0]]
['de.rainerhock.eightbitwonders_100040', 1, [1, 1, 0, 1, 1, 0, 0, 0], 0, ([28, 1, 27], [104, 98, 0, 6]), [7, 1, 1], [0, 0]]
['com.thehoick.evergreenwishlist_18', 0, [0, 0, 0, 0, 0, 0, 0, 0], 0, ([0, 0, 0], [0, 0, 0, 0]), [0, 0, 0], [0, 0]]
['de.drhoffmannsoftware.calcvac_3', 0, [0, 0, 0, 0, 0, 0, 0, 0], 0, ([0, 0, 0], [0, 0, 0, 0]), [0, 0, 0], [7, 0]]
['com.stypox.mastercom_workbook_703', 0, [0, 0, 0, 0, 0, 0, 0, 0], 0, ([0, 0, 0], [0, 0, 0, 0]), [0, 0, 0], [0, 0]]
['org.satdump.SatDump_8', 1, [1, 1, 0, 1, 1, 0, 0, 0], 0, ([0, 0, 0], [0, 0, 0, 0]), [57, 0, 0], [0, 0]]
['ca.fuwafuwa.kaku_78', 1, [1, 1, 0, 1, 1, 0, 0, 0], 0, ([109, 76, 33], [345, 343, 0, 2]), [4, 2, 2], [0, 0]]
['com.github.wdkapps.fillup_23', 0, [0, 0, 0, 0, 0, 0, 0, 0], 0, ([0, 0, 0], [0, 0, 0, 0]), [0, 0, 0], [0, 0]]
['de.hoffmannsgimmickstaupunkt_21', 0, [0, 0, 0, 0, 0, 0, 0, 0], 0, ([0, 0, 0], [0, 0, 0, 0]), [0, 0, 0], [0, 0]]
['com.lolo.io.onelist_21', 0, [0, 0, 0, 0, 0, 0, 0, 0], 0, ([0, 0, 0], [0, 0, 0, 0]), [0, 0, 0], [0, 0]]
['net.pejici.summation_3', 0, [0, 0, 0, 0, 0, 0, 0, 0], 0, ([0, 0, 0], [0, 0, 0, 0]), [0, 0, 0], [0, 0]]
['de.beowulf.libretranslater_5', 0, [0, 0, 0, 0, 0, 0, 0, 0], 0, ([0, 0, 0], [0, 0, 0, 0]), [0, 0, 0], [0, 0]]
['com.serwylo.babybook_12', 0, [0, 0, 0, 0, 0, 0, 0, 0], 0, ([0, 0, 0], [0, 0, 0, 0]), [0, 0, 0], [0, 0]]
['fr.ryder.benoit.jmdictdroid_5', 1, [1, 1, 0, 1, 1, 0, 0, 0], 0, ([8, 0, 8], [24, 23, 0, 1]), [1, 0, 1], [0, 0]]
['org.balau.fakedawn_4', 0, [0, 0, 0, 0, 0, 0, 0, 0], 0, ([0, 0, 0], [0, 0, 0, 0]), [0, 0, 0], [0, 0]]
['us.bravender.android.dongsa_8', 0, [0, 0, 0, 0, 0, 0, 0, 0], 0, ([0, 0, 0], [0, 0, 0, 0]), [0, 0, 0], [0, 0]]
['com.open_usos_1', 1, [1, 1, 0, 0, 1, 0, 0, 0], 0, ([196, 32, 164], [418, 256, 6, 156]), [2, 0, 1], [0, 0]]
['com.wmstein.transektcount_420', 0, [0, 0, 0, 0, 0, 0, 0, 0], 0, ([0, 0, 0], [0, 0, 0, 0]), [0, 0, 0], [0, 0]]
['ch.nexuscomputing.android.osciprimeics_16', 1, [0, 0, 1, 0, 0, 0, 0, 0], 0, ([9, 7, 2], [80, 71, 0, 9]), [6, 5, 0], [0, 0]]
['org.noise_planet.noisecapture_59', 0, [0, 0, 0, 0, 0, 0, 0, 0], 0, ([0, 0, 0], [0, 0, 0, 0]), [0, 0, 0], [0, 0]]
['hk.words.wordshk_33', 1, [1, 0, 0, 0, 0, 0, 0, 0], 0, ([51, 14, 37], [178, 159, 1, 18]), [7, 1, 1], [0, 0]]
['com.mkulesh.micromath.plus_324', 0, [0, 0, 0, 0, 0, 0, 0, 0], 0, ([0, 0, 0], [0, 0, 0, 0]), [0, 0, 0], [0, 0]]
['com.vulnerabbity.geoperion_1', 0, [0, 0, 0, 0, 0, 0, 0, 0], 0, ([0, 0, 0], [0, 0, 0, 0]), [0, 0, 0], [0, 0]]
['it.rgp.nyagua.pafcalc_4', 0, [0, 0, 0, 0, 0, 0, 0, 0], 0, ([0, 0, 0], [0, 0, 0, 0]), [0, 0, 0], [0, 0]]
['com.mantz_it.rfanalyzer_1303', 0, [0, 0, 0, 0, 0, 0, 0, 0], 0, ([0, 0, 0], [0, 0, 0, 0]), [0, 0, 0], [0, 0]]
['com.rtbishop.look4sat_314', 0, [0, 0, 0, 0, 0, 0, 0, 0], 0, ([0, 0, 0], [0, 0, 0, 0]), [0, 0, 0], [0, 0]]
['com.thesis.yokatta_4', 0, [0, 0, 0, 0, 0, 0, 0, 0], 0, ([0, 0, 0], [0, 0, 0, 0]), [0, 0, 0], [0, 0]]
['fr.bellev.stdatmosphere_2', 0, [0, 0, 0, 0, 0, 0, 0, 0], 0, ([0, 0, 0], [0, 0, 0, 0]), [0, 0, 0], [0, 0]]
['org.woheller69.hugassist_22', 0, [0, 0, 0, 0, 0, 0, 0, 0], 0, ([0, 0, 0], [0, 0, 0, 0]), [0, 0, 0], [0, 0]]
['com.team242.robozzle_61', 0, [0, 0, 0, 0, 0, 0, 0, 0], 0, ([0, 0, 0], [0, 0, 0, 0]), [0, 0, 0], [0, 0]]
['com.muslimtechnet.lanelexicon_19', 1, [1, 1, 0, 0, 1, 0, 0, 0], 0, ([288, 24, 264], [547, 327, 9, 211]), [2, 0, 1], [0, 0]]
['dev.obfusk.jiten_1010100002', 1, [1, 0, 0, 0, 0, 0, 0, 0], 0, ([4, 3, 1], [17, 12, 0, 5]), [7, 1, 1], [0, 0]]
['de.democracydeutschland.app_103578', 1, [0, 1, 0, 1, 0, 0, 0, 0], 0, ([232, 33, 199], [602, 521, 0, 81]), [17, 2, 5], [0, 0]]
['uk.co.busydoingnothing.prevo_26', 0, [0, 0, 0, 0, 0, 0, 0, 0], 0, ([0, 0, 0], [0, 0, 0, 0]), [0, 0, 0], [0, 0]]
['de.hosenhasser.funktrainer_51', 1, [1, 1, 0, 1, 1, 0, 0, 0], 0, ([25, 0, 25], [86, 77, 0, 9]), [5, 1, 0], [0, 0]]
['eu.dfdx.jslab_1', 0, [0, 0, 0, 0, 0, 0, 0, 0], 0, ([0, 0, 0], [0, 0, 0, 0]), [0, 0, 0], [0, 0]]
['com.LAPARCELA.nihonoari_13', 1, [1, 1, 0, 0, 1, 0, 0, 0], 0, ([41, 4, 37], [152, 135, 1, 16]), [2, 0, 1], [0, 0]]
['de.codecivil.habsgleich_10802', 0, [0, 0, 0, 0, 0, 0, 0, 0], 0, ([0, 0, 0], [0, 0, 0, 0]), [0, 0, 0], [0, 0]]
['com.github.egonw.isotopes_2', 0, [0, 0, 0, 0, 0, 0, 0, 0], 0, ([0, 0, 0], [0, 0, 0, 0]), [0, 0, 0], [0, 0]]
['online.xournal.mobile_27', 1, [1, 1, 0, 0, 1, 0, 0, 0], 0, ([35, 4, 31], [129, 115, 1, 13]), [2, 0, 1], [0, 0]]
['br.com.colman.nato_101', 0, [0, 0, 0, 0, 0, 0, 0, 0], 0, ([88, 8, 80], [169, 100, 4, 65]), [0, 0, 0], [0, 0]]
['org.inventati.massimol.liberovocab_38', 0, [0, 0, 0, 0, 0, 0, 0, 0], 0, ([0, 0, 0], [0, 0, 0, 0]), [0, 0, 0], [0, 0]]
['com.jkcarino.ankieditor_9', 0, [0, 0, 0, 0, 0, 0, 0, 0], 0, ([0, 0, 0], [0, 0, 0, 0]), [0, 0, 0], [0, 0]]
['com.gonnaggstudio.oh_tai_gi_22', 1, [1, 1, 0, 0, 1, 0, 0, 0], 0, ([31, 4, 27], [113, 101, 1, 11]), [2, 0, 1], [0, 0]]
['ga.testapp.testapp_66', 1, [1, 1, 0, 0, 1, 0, 0, 0], 0, ([31, 4, 27], [113, 101, 1, 11]), [2, 0, 1], [0, 0]]
['dev.obfusk.jiten_webview_202108010', 0, [0, 0, 0, 0, 0, 0, 0, 0], 0, ([0, 0, 0], [0, 0, 0, 0]), [0, 0, 0], [0, 0]]
['de.moekadu.metronome_59', 0, [0, 0, 0, 0, 0, 0, 0, 0], 0, ([0, 0, 0], [0, 0, 0, 0]), [0, 0, 0], [0, 0]]
['cz.lastaapps.menza_1040100', 1, [1, 1, 0, 1, 1, 0, 0, 0], 0, ([8, 0, 8], [24, 23, 0, 1]), [2, 1, 1], [0, 0]]
['xyz.yeikoff.librebible_20231110', 0, [0, 0, 0, 0, 0, 0, 0, 0], 0, ([0, 0, 0], [0, 0, 0, 0]), [0, 0, 0], [0, 0]]
['de.drhoffmannsoftware.xearth_22', 0, [0, 0, 0, 0, 0, 0, 0, 0], 0, ([0, 0, 0], [0, 0, 0, 0]), [0, 0, 0], [0, 0]]
['com.sli.ohmcalc_1', 0, [0, 0, 0, 0, 0, 0, 0, 0], 0, ([0, 0, 0], [0, 0, 0, 0]), [0, 0, 0], [0, 0]]
['org.aminb.mathtools.app_2', 0, [0, 0, 0, 0, 0, 0, 0, 0], 0, ([0, 0, 0], [0, 0, 0, 0]), [0, 0, 0], [0, 0]]
['com.edwardoyarzun.diccionario_2', 0, [0, 0, 0, 0, 0, 0, 0, 0], 0, ([0, 0, 0], [0, 0, 0, 0]), [0, 0, 0], [0, 0]]
['org.woheller69.arity_155', 0, [0, 0, 0, 0, 0, 0, 0, 0], 0, ([0, 0, 0], [0, 0, 0, 0]), [0, 0, 0], [0, 0]]
['org.nhcham.hamfisted_14', 1, [1, 1, 0, 0, 1, 0, 0, 0], 0, ([116, 23, 93], [282, 193, 5, 84]), [2, 0, 1], [0, 0]]
['com.lithium.leona.openstud_190', 0, [0, 0, 0, 0, 0, 0, 0, 0], 0, ([0, 0, 0], [0, 0, 0, 0]), [0, 0, 0], [0, 0]]
['com.quchen.flashcard_24', 0, [0, 0, 0, 0, 0, 0, 0, 0], 0, ([0, 0, 0], [0, 0, 0, 0]), [0, 0, 0], [0, 0]]
['com.jstappdev.identify_dog_breeds_pro_7204', 1, [1, 0, 0, 0, 0, 0, 0, 0], 0, ([68, 68, 0], [207, 201, 0, 6]), [1, 1, 0], [0, 0]]
['de.sigfood_26', 0, [0, 0, 0, 0, 0, 0, 0, 0], 0, ([0, 0, 0], [0, 0, 0, 0]), [0, 0, 0], [0, 0]]
['com.jvillalba.apod.md_11', 0, [0, 0, 0, 0, 0, 0, 0, 0], 0, ([0, 0, 0], [0, 0, 0, 0]), [0, 0, 0], [0, 0]]
['com.gaika.bilketa_19', 0, [0, 0, 0, 0, 0, 0, 0, 0], 0, ([0, 0, 0], [0, 0, 0, 0]), [0, 0, 0], [0, 0]]
['com.brocktice.JustSit_17', 0, [0, 0, 0, 0, 0, 0, 0, 0], 0, ([0, 0, 0], [0, 0, 0, 0]), [0, 0, 0], [0, 0]]
['com.amabyte.vtucslabmanual_1', 0, [0, 0, 0, 0, 0, 0, 0, 0], 0, ([0, 0, 0], [0, 0, 0, 0]), [0, 0, 0], [0, 0]]
['com.jovial.jrpn_9', 0, [0, 0, 0, 0, 0, 0, 0, 0], 0, ([0, 0, 0], [0, 0, 0, 0]), [0, 0, 0], [0, 0]]
['eu.hydrologis.smash_76', 1, [1, 1, 0, 1, 1, 0, 0, 0], 0, ([48, 11, 37], [231, 189, 1, 41]), [6, 3, 1], [0, 0]]
['org.developfreedom.wordpowermadeeasy_1700', 0, [0, 0, 0, 0, 0, 0, 0, 0], 0, ([0, 0, 0], [0, 0, 0, 0]), [0, 0, 0], [0, 0]]
['com.asdoi.mebis_150', 0, [0, 0, 0, 0, 0, 0, 0, 0], 0, ([0, 0, 0], [0, 0, 0, 0]), [0, 0, 0], [0, 0]]
['com.asdoi.timetable_17', 0, [0, 0, 0, 0, 0, 0, 0, 0], 0, ([89, 12, 77], [183, 67, 3, 113]), [0, 0, 0], [0, 0]]
['org.woheller69.whobird_37', 1, [1, 1, 0, 1, 1, 0, 0, 0], 0, ([30, 30, 0], [77, 71, 0, 6]), [1, 1, 0], [0, 0]]
['nl.implode.regenalarm_40301', 0, [0, 0, 0, 0, 0, 0, 0, 0], 0, ([0, 0, 0], [0, 0, 0, 0]), [0, 0, 0], [0, 0]]
['com.ktprograms.ohmsnow_12', 0, [0, 0, 0, 0, 0, 0, 0, 0], 0, ([0, 0, 0], [0, 0, 0, 0]), [0, 0, 0], [0, 0]]
['com.phg.constellations_10005', 0, [0, 0, 0, 0, 0, 0, 0, 0], 0, ([0, 0, 0], [0, 0, 0, 0]), [0, 0, 0], [0, 0]]
['com.physphil.android.unitconverterultimate_50703', 0, [0, 0, 0, 0, 0, 0, 0, 0], 0, ([0, 0, 0], [0, 0, 0, 0]), [0, 0, 0], [0, 0]]
['com.ferrarid.converterpro_45', 1, [1, 1, 0, 0, 1, 0, 0, 0], 0, ([42, 4, 38], [152, 135, 1, 16]), [2, 0, 1], [0, 0]]
['com.openathena_45', 0, [0, 0, 0, 0, 0, 0, 0, 0], 0, ([0, 0, 0], [0, 0, 0, 0]), [0, 0, 0], [0, 0]]
['com.dirkgassen.wator_1002000', 0, [0, 0, 0, 0, 0, 0, 0, 0], 0, ([0, 0, 0], [0, 0, 0, 0]), [0, 0, 0], [0, 0]]
['com.machiav3lli.derdiedas_2200', 0, [0, 0, 0, 0, 0, 0, 0, 0], 0, ([0, 0, 0], [0, 0, 0, 0]), [0, 0, 0], [0, 0]]
['com.luk.timetable2_28', 0, [0, 0, 0, 0, 0, 0, 0, 0], 0, ([0, 0, 0], [0, 0, 0, 0]), [0, 0, 0], [0, 0]]
['uk.co.busydoingnothing.pocketrl_1', 0, [0, 0, 0, 0, 0, 0, 0, 0], 0, ([0, 0, 0], [0, 0, 0, 0]), [0, 0, 0], [0, 0]]
['org.us.andriod_4', 0, [0, 0, 0, 0, 0, 0, 0, 0], 0, ([0, 0, 0], [0, 0, 0, 0]), [0, 0, 0], [0, 0]]
['org.ligi.vaporizercontrol_18', 0, [0, 0, 0, 0, 0, 0, 0, 0], 0, ([0, 0, 0], [0, 0, 0, 0]), [0, 0, 0], [0, 0]]
['eu.quelltext.counting_3', 0, [0, 0, 0, 0, 0, 0, 0, 0], 0, ([0, 0, 0], [0, 0, 0, 0]), [0, 0, 0], [0, 0]]
['fr.ubordeaux.math.paridroid_30', 1, [1, 1, 0, 1, 1, 0, 0, 0], 0, ([4, 4, 0], [7, 7, 0, 0]), [3, 1, 0], [0, 0]]
['simbio.se.nheengare_11', 0, [0, 0, 0, 0, 0, 0, 0, 0], 0, ([0, 0, 0], [0, 0, 0, 0]), [0, 0, 0], [0, 0]]
['org.kaziprst.android.ndfilter_3', 0, [0, 0, 0, 0, 0, 0, 0, 0], 0, ([0, 0, 0], [0, 0, 0, 0]), [0, 0, 0], [0, 0]]
['com.mkf.droidsat_25', 0, [0, 0, 0, 0, 0, 0, 0, 0], 0, ([0, 0, 0], [0, 0, 0, 0]), [0, 0, 0], [0, 0]]
['io.gitlab.pycpim.marxist_35', 0, [0, 0, 0, 0, 0, 0, 0, 0], 0, ([0, 0, 0], [0, 0, 0, 0]), [0, 0, 0], [0, 0]]
['de.simon.dankelmann.bluetoothlespam_3', 0, [0, 0, 0, 0, 0, 0, 0, 0], 0, ([0, 0, 0], [0, 0, 0, 0]), [0, 0, 0], [0, 0]]
['com.github.mdeluise.plantit_9', 1, [1, 1, 0, 0, 1, 0, 0, 0], 0, ([103, 23, 80], [263, 182, 5, 76]), [2, 0, 1], [0, 0]]
['net.gcompris.full_250001', 1, [1, 0, 0, 0, 0, 0, 0, 0], 0, ([118, 99, 19], [325, 305, 0, 20]), [86, 1, 5], [0, 0]]
['info.puzz.a10000sentences_60', 0, [0, 0, 0, 0, 0, 0, 0, 0], 0, ([0, 0, 0], [0, 0, 0, 0]), [0, 0, 0], [0, 0]]
['org.malinux.lectureFrancais.actLecture_2', 0, [0, 0, 0, 0, 0, 0, 0, 0], 0, ([0, 0, 0], [0, 0, 0, 0]), [0, 0, 0], [0, 0]]
['de.determapp.android_9', 0, [0, 0, 0, 0, 0, 0, 0, 0], 0, ([0, 0, 0], [0, 0, 0, 0]), [0, 0, 0], [0, 0]]
['com.concentricsky.android.khan_14', 0, [0, 0, 0, 0, 0, 0, 0, 0], 0, ([0, 0, 0], [0, 0, 0, 0]), [0, 0, 0], [0, 0]]
['io.gitlab.carsten_scholtes.parti_104', 1, [1, 0, 0, 0, 0, 0, 0, 0], 0, ([105, 18, 87], [266, 190, 4, 72]), [2, 0, 1], [0, 0]]
['com.bibleside.bibleside_11', 1, [1, 1, 0, 0, 1, 0, 0, 0], 0, ([42, 4, 38], [152, 135, 1, 16]), [2, 0, 1], [0, 0]]
['uk.co.busydoingnothing.catverbs_5', 0, [0, 0, 0, 0, 0, 0, 0, 0], 0, ([0, 0, 0], [0, 0, 0, 0]), [0, 0, 0], [0, 0]]
['de.naturalnet.mirwtfapp_9', 0, [0, 0, 0, 0, 0, 0, 0, 0], 0, ([0, 0, 0], [0, 0, 0, 0]), [0, 0, 0], [0, 0]]
['org.tbrk.mnemododo_23', 0, [0, 0, 0, 0, 0, 0, 0, 0], 0, ([0, 0, 0], [0, 0, 0, 0]), [0, 0, 0], [0, 0]]
['jl.musicalnotes_5', 0, [0, 0, 0, 0, 0, 0, 0, 0], 0, ([0, 0, 0], [0, 0, 0, 0]), [0, 0, 0], [0, 0]]
['io.ssttkkl.mahjongutils.app_10011', 1, [1, 1, 0, 1, 1, 0, 0, 0], 0, ([0, 0, 0], [0, 0, 0, 0]), [1, 1, 0], [0, 0]]
['de.taz.android.app.free_11001900', 1, [1, 1, 0, 1, 1, 0, 0, 0], 0, ([864, 317, 547], [2086, 1549, 0, 537]), [3, 2, 2], [0, 0]]
['io.dahliaos.calculator_21', 1, [1, 1, 0, 0, 1, 0, 0, 0], 0, ([38, 4, 34], [143, 127, 1, 15]), [2, 0, 1], [0, 0]]
['org.eukalyptus.balance_1', 0, [0, 0, 0, 0, 0, 0, 0, 0], 0, ([0, 0, 0], [0, 0, 0, 0]), [0, 0, 0], [0, 0]]
['m.co.rh.id.a_flash_deck_46', 0, [0, 0, 0, 0, 0, 0, 0, 0], 0, ([0, 0, 0], [0, 0, 0, 0]), [0, 0, 0], [0, 0]]
['org.woheller69.gptassist_160', 0, [0, 0, 0, 0, 0, 0, 0, 0], 0, ([0, 0, 0], [0, 0, 0, 0]), [0, 0, 0], [0, 0]]
['com.todobom.opennotescanner_35', 0, [0, 0, 0, 0, 0, 0, 0, 0], 0, ([1180, 1180, 0], [5368, 5366, 0, 2]), [0, 0, 0], [0, 0]]
['dev.pesic.rpncalc_9', 1, [1, 1, 0, 0, 1, 0, 0, 0], 0, ([38, 4, 34], [143, 127, 1, 15]), [2, 0, 1], [0, 0]]
['com.confinement.diconfinement_16', 0, [0, 0, 0, 0, 0, 0, 0, 0], 0, ([0, 0, 0], [0, 0, 0, 0]), [0, 0, 0], [0, 0]]
['uscartools.USTravelConverter_3', 0, [0, 0, 0, 0, 0, 0, 0, 0], 0, ([0, 0, 0], [0, 0, 0, 0]), [0, 0, 0], [0, 0]]
['com.eanema.graph89_1108', 1, [1, 1, 0, 1, 1, 0, 0, 0], 0, ([27, 27, 0], [59, 59, 0, 0]), [8, 1, 0], [0, 0]]
['de.monocles.translator_604', 1, [1, 0, 0, 0, 0, 0, 0, 0], 0, ([10, 4, 6], [27, 26, 0, 1]), [4, 2, 2], [0, 0]]
['org.hollowbamboo.chordreader2_13', 0, [0, 0, 0, 0, 0, 0, 0, 0], 0, ([0, 0, 0], [0, 0, 0, 0]), [0, 0, 0], [0, 0]]
['com.wuxialearn.wuxialearn_163', 1, [1, 0, 0, 0, 0, 0, 0, 0], 0, ([42, 4, 38], [152, 135, 1, 16]), [2, 0, 1], [0, 0]]
['org.eukalyptus.liquidrechner_6', 0, [0, 0, 0, 0, 0, 0, 0, 0], 0, ([0, 0, 0], [0, 0, 0, 0]), [0, 0, 0], [0, 0]]
['com.sigmarelax.doitoscihub_3', 1, [0, 1, 0, 0, 0, 0, 0, 0], 0, ([26, 6, 20], [97, 86, 1, 10]), [1, 0, 1], [0, 0]]
['org.nick.wwwjdic_2370', 0, [0, 0, 0, 0, 0, 0, 0, 0], 0, ([0, 0, 0], [0, 0, 0, 0]), [0, 0, 0], [0, 0]]
['cz.mendelu.xmarik.train_manager_28', 0, [0, 0, 0, 0, 0, 0, 0, 0], 0, ([0, 0, 0], [0, 0, 0, 0]), [0, 0, 0], [0, 0]]
['com.asdoi.gymwen_145', 0, [0, 0, 0, 0, 0, 0, 0, 0], 0, ([165, 18, 147], [321, 127, 9, 185]), [0, 0, 0], [0, 0]]
['be.ugent.zeus.hydra.open_37400', 1, [1, 1, 0, 1, 1, 0, 0, 0], 0, ([0, 0, 0], [0, 0, 0, 0]), [1, 1, 0], [0, 0]]
['space.celestia.mobilecelestia_580', 1, [1, 1, 0, 0, 1, 0, 0, 0], 0, ([381, 268, 113], [991, 954, 1, 36]), [4, 2, 2], [0, 0]]
['de.com.quaap.primary_331', 0, [0, 0, 0, 0, 0, 0, 0, 0], 0, ([0, 0, 0], [0, 0, 0, 0]), [0, 0, 0], [0, 0]]
['com.paddlesandbugs.dahdidahdit_1130101', 1, [1, 1, 0, 1, 1, 0, 0, 0], 0, ([7, 7, 0], [18, 18, 0, 0]), [1, 1, 0], [0, 0]]
['org.diygenomics.pg_6', 0, [0, 0, 0, 0, 0, 0, 0, 0], 0, ([0, 0, 0], [0, 0, 0, 0]), [0, 0, 0], [0, 0]]
['com.hexbit.rutmath_5', 0, [0, 0, 0, 0, 0, 0, 0, 0], 0, ([0, 0, 0], [0, 0, 0, 0]), [0, 0, 0], [0, 0]]
['be.lionslink.ucllstudent_10101', 0, [0, 0, 0, 0, 0, 0, 0, 0], 0, ([0, 0, 0], [0, 0, 0, 0]), [0, 0, 0], [0, 0]]
['com.noprestige.kanaquiz_20', 0, [0, 0, 0, 0, 0, 0, 0, 0], 0, ([0, 0, 0], [0, 0, 0, 0]), [0, 0, 0], [0, 0]]
['io.pslab_60', 1, [1, 1, 0, 1, 1, 0, 0, 0], 0, ([610, 457, 153], [1933, 1898, 0, 35]), [2, 1, 2], [0, 0]]
['com.npes87184.s2tdroid.donate_28', 0, [0, 0, 0, 0, 0, 0, 0, 0], 0, ([0, 0, 0], [0, 0, 0, 0]), [0, 0, 0], [0, 0]]
['com.nilhcem.frcndict_11', 0, [0, 0, 0, 0, 0, 0, 0, 0], 0, ([0, 0, 0], [0, 0, 0, 0]), [0, 0, 0], [0, 0]]
['de.feisar.wordvalue_1', 0, [0, 0, 0, 0, 0, 0, 0, 0], 0, ([0, 0, 0], [0, 0, 0, 0]), [0, 0, 0], [0, 0]]
['org.secuso.privacyfriendlyrecknoningskills_5', 0, [0, 0, 0, 0, 0, 0, 0, 0], 0, ([0, 0, 0], [0, 0, 0, 0]), [0, 0, 0], [0, 0]]
['com.tjk104.openfndds_1', 0, [0, 0, 0, 0, 0, 0, 0, 0], 0, ([0, 0, 0], [0, 0, 0, 0]), [0, 0, 0], [0, 0]]
['com.concept1tech.instalate_13', 0, [0, 0, 0, 0, 0, 0, 0, 0], 0, ([0, 0, 0], [0, 0, 0, 0]), [0, 0, 0], [0, 0]]
['v4lpt.vpt.f003.gdp_105', 0, [0, 0, 0, 0, 0, 0, 0, 0], 0, ([0, 0, 0], [0, 0, 0, 0]), [0, 0, 0], [0, 0]]
['buet.rafi.dictionary_5', 0, [0, 0, 0, 0, 0, 0, 0, 0], 0, ([0, 0, 0], [0, 0, 0, 0]), [0, 0, 0], [0, 0]]
['net.sourceforge.x11basic_165', 1, [0, 1, 1, 1, 0, 0, 0, 0], 0, ([28, 28, 0], [67, 65, 0, 2]), [1, 1, 1], [6, 0]]
['eu.lepiller.nani_16', 0, [0, 0, 0, 0, 0, 0, 0, 0], 0, ([0, 0, 0], [0, 0, 0, 0]), [0, 0, 0], [0, 0]]
['com.codelv.solar_4', 1, [1, 1, 0, 1, 1, 0, 0, 0], 0, ([0, 0, 0], [0, 0, 0, 0]), [1, 1, 0], [0, 0]]
['gal.sli.digalnet_15', 0, [0, 0, 0, 0, 0, 0, 0, 0], 0, ([0, 0, 0], [0, 0, 0, 0]), [0, 0, 0], [0, 0]]
['com.jherkenhoff.qalculate_34', 1, [0, 0, 0, 0, 1, 0, 0, 0], 0, ([301, 293, 8], [445, 397, 0, 48]), [10, 2, 1], [0, 0]]
['com.gbeatty.arxiv_39', 0, [0, 0, 0, 0, 0, 0, 0, 0], 0, ([0, 0, 0], [0, 0, 0, 0]), [0, 0, 0], [0, 0]]
['com.dalthed.tucan_38', 0, [0, 0, 0, 0, 0, 0, 0, 0], 0, ([0, 0, 0], [0, 0, 0, 0]), [0, 0, 0], [0, 0]]
['io.github.subhamtyagi.quickcalculation_4', 0, [0, 0, 0, 0, 0, 0, 0, 0], 0, ([0, 0, 0], [0, 0, 0, 0]), [0, 0, 0], [0, 0]]
['com.app.openlib_12', 1, [1, 1, 0, 1, 1, 0, 0, 0], 0, ([184, 33, 151], [433, 278, 6, 149]), [7, 1, 1], [0, 0]]
['com.xtreak.notificationdictionary_23', 1, [1, 1, 0, 1, 1, 0, 0, 0], 0, ([10, 10, 0], [27, 25, 0, 2]), [2, 1, 0], [0, 0]]
['com.olam_1', 0, [0, 0, 0, 0, 0, 0, 0, 0], 0, ([0, 0, 0], [0, 0, 0, 0]), [0, 0, 0], [0, 0]]
['br.com.colman.petals_3035002', 1, [1, 1, 0, 1, 1, 0, 0, 0], 0, ([69, 61, 8], [224, 220, 0, 4]), [3, 1, 2], [0, 0]]
['org.digiagriapp_5', 1, [1, 1, 0, 1, 1, 0, 0, 0], 0, ([46, 9, 37], [216, 179, 1, 36]), [3, 1, 1], [0, 0]]
['v4lpt.vpt.i018.vpc_105', 0, [0, 0, 0, 0, 0, 0, 0, 0], 0, ([0, 0, 0], [0, 0, 0, 0]), [0, 0, 0], [0, 0]]
['com.github.librerandonaut.librerandonaut_2', 0, [0, 0, 0, 0, 0, 0, 0, 0], 0, ([0, 0, 0], [0, 0, 0, 0]), [0, 0, 0], [0, 0]]
['org.sensorkraken_110', 0, [0, 0, 0, 0, 0, 0, 0, 0], 0, ([0, 0, 0], [0, 0, 0, 0]), [0, 0, 0], [0, 0]]
['com.fr.laboussole.track_50020', 1, [1, 1, 0, 1, 1, 0, 0, 0], 0, ([234, 136, 98], [558, 467, 0, 91]), [19, 0, 11], [0, 0]]
['org.olpc_france.sugarizer_18000', 0, [0, 0, 0, 0, 0, 0, 0, 0], 0, ([0, 0, 0], [0, 0, 0, 0]), [0, 0, 0], [0, 0]]
['io.github.danxi_dev.dan_xi_344', 1, [1, 1, 0, 1, 1, 0, 0, 0], 0, ([42, 4, 38], [152, 135, 1, 16]), [3, 0, 1], [0, 0]]
['info.staticfree.android.units_9', 0, [0, 0, 0, 0, 0, 0, 0, 0], 0, ([0, 0, 0], [0, 0, 0, 0]), [0, 0, 0], [0, 0]]
['com.neumorphic.calculator_2', 1, [1, 1, 0, 0, 1, 0, 0, 0], 0, ([37, 5, 32], [136, 122, 1, 13]), [2, 0, 1], [0, 0]]
['raele.concurseiro_1', 0, [0, 0, 0, 0, 0, 0, 0, 0], 0, ([0, 0, 0], [0, 0, 0, 0]), [0, 0, 0], [0, 0]]
['fr.hnit.babyname_3', 0, [0, 0, 0, 0, 0, 0, 0, 0], 0, ([0, 0, 0], [0, 0, 0, 0]), [0, 0, 0], [0, 0]]
['com.unitstool_9010', 1, [1, 1, 0, 1, 1, 0, 0, 0], 0, ([239, 133, 106], [617, 507, 0, 110]), [60, 0, 19], [0, 0]]
['nz.gen.geek_central.ObjViewer_1', 0, [0, 0, 0, 0, 0, 0, 0, 0], 0, ([0, 0, 0], [0, 0, 0, 0]), [0, 0, 0], [0, 0]]
['de.jonasbernard.tudarmstadtmoodlewrapper_3', 0, [0, 0, 0, 0, 0, 0, 0, 0], 0, ([0, 0, 0], [0, 0, 0, 0]), [0, 0, 0], [0, 0]]
['ch.joshuah.bibleverseapp_4', 0, [0, 0, 0, 0, 0, 0, 0, 0], 0, ([0, 0, 0], [0, 0, 0, 0]), [0, 0, 0], [0, 0]]
['com.example.dozenalclock_2', 0, [0, 0, 0, 0, 0, 0, 0, 0], 0, ([0, 0, 0], [0, 0, 0, 0]), [0, 0, 0], [0, 0]]
['org.katsarov.heatcalc_10102', 0, [0, 0, 0, 0, 0, 0, 0, 0], 0, ([0, 0, 0], [0, 0, 0, 0]), [0, 0, 0], [0, 0]]
['com.kwasow.musekit_1721768584', 0, [0, 0, 0, 0, 0, 0, 0, 0], 0, ([0, 0, 0], [0, 0, 0, 0]), [0, 0, 0], [0, 0]]
['org.sirekanyan.warmongr_39', 0, [0, 0, 0, 0, 0, 0, 0, 0], 0, ([0, 0, 0], [0, 0, 0, 0]), [0, 0, 0], [0, 0]]
['de.hauke_stieler.geonotes_1007001', 1, [1, 1, 0, 1, 1, 0, 0, 0], 0, ([6, 6, 0], [78, 54, 0, 24]), [1, 1, 0], [0, 0]]
['io.librehealth.toolkit.cost_of_care_3', 1, [1, 1, 0, 0, 1, 0, 0, 0], 0, ([31, 4, 27], [113, 101, 1, 11]), [2, 0, 1], [0, 0]]
['io.github.mwageringel.everest_15', 1, [1, 1, 0, 0, 1, 0, 0, 0], 0, ([41, 4, 37], [152, 135, 1, 16]), [2, 0, 1], [0, 0]]
['org.gringene.colourclock_3', 0, [0, 0, 0, 0, 0, 0, 0, 0], 0, ([0, 0, 0], [0, 0, 0, 0]), [0, 0, 0], [0, 0]]
['com.manimarank.spell4wiki_16', 1, [1, 1, 0, 1, 1, 0, 0, 0], 0, ([17, 17, 0], [23, 23, 0, 0]), [14, 3, 3], [0, 0]]
['eu.quelltext.memory_7', 0, [0, 0, 0, 0, 0, 0, 0, 0], 0, ([0, 0, 0], [0, 0, 0, 0]), [0, 0, 0], [0, 0]]
['com.tss.android_70', 0, [0, 0, 0, 0, 0, 0, 0, 0], 0, ([0, 0, 0], [0, 0, 0, 0]), [0, 0, 0], [0, 0]]
['ch.gassenarbeit.bern.your.rights_203', 0, [0, 0, 0, 0, 0, 0, 0, 0], 0, ([0, 0, 0], [0, 0, 0, 0]), [0, 0, 0], [0, 0]]
['com.example.poleidoscope_1', 0, [0, 0, 0, 0, 0, 0, 0, 0], 0, ([0, 0, 0], [0, 0, 0, 0]), [0, 0, 0], [0, 0]]
['com.geovnn.vapetools_101', 0, [0, 0, 0, 0, 0, 0, 0, 0], 0, ([0, 0, 0], [0, 0, 0, 0]), [0, 0, 0], [0, 0]]
['luke.kfz_10004', 0, [0, 0, 0, 0, 0, 0, 0, 0], 0, ([0, 0, 0], [0, 0, 0, 0]), [0, 0, 0], [0, 0]]
['org.tengel.planisphere_15', 0, [0, 0, 0, 0, 0, 0, 0, 0], 0, ([0, 0, 0], [0, 0, 0, 0]), [0, 0, 0], [0, 0]]
['io.github.dlbeswick.kreuungching_11900', 0, [0, 0, 0, 0, 0, 0, 0, 0], 0, ([0, 0, 0], [0, 0, 0, 0]), [0, 0, 0], [0, 0]]
['org.kaqui_86', 0, [0, 0, 0, 0, 0, 0, 0, 0], 0, ([0, 0, 0], [0, 0, 0, 0]), [0, 0, 0], [0, 0]]
['org.blitzortung.android.app_331', 0, [0, 0, 0, 0, 0, 0, 0, 0], 0, ([0, 0, 0], [0, 0, 0, 0]), [0, 0, 0], [0, 0]]
['com.marktka.calculatorYou_33', 0, [0, 0, 0, 0, 0, 0, 0, 0], 0, ([0, 0, 0], [0, 0, 0, 0]), [0, 0, 0], [0, 0]]
['de.nellessen.usercontrolleddecryptionoperations_6', 0, [0, 0, 0, 0, 0, 0, 0, 0], 0, ([0, 0, 0], [0, 0, 0, 0]), [0, 0, 0], [0, 0]]
['com.kazufukurou.nanji_42', 0, [0, 0, 0, 0, 0, 0, 0, 0], 0, ([0, 0, 0], [0, 0, 0, 0]), [0, 0, 0], [0, 0]]
['in.digistorm.aksharam_8', 0, [0, 0, 0, 0, 0, 0, 0, 0], 0, ([0, 0, 0], [0, 0, 0, 0]), [0, 0, 0], [0, 0]]
['io.github.petlyh.jsdict_9', 1, [1, 1, 0, 0, 1, 0, 0, 0], 0, ([41, 4, 37], [152, 135, 1, 16]), [2, 0, 1], [0, 0]]
['org.mcxa.vortaro_5', 0, [0, 0, 0, 0, 0, 0, 0, 0], 0, ([0, 0, 0], [0, 0, 0, 0]), [0, 0, 0], [0, 0]]
['org.bandev.buddhaquotes_1014', 0, [0, 0, 0, 0, 0, 0, 0, 0], 0, ([0, 0, 0], [0, 0, 0, 0]), [0, 0, 0], [0, 0]]
['io.github.benderblog.traintime_pda_253', 1, [1, 0, 0, 0, 0, 0, 0, 0], 0, ([47, 10, 37], [167, 149, 1, 17]), [5, 3, 1], [0, 0]]
['name.bresciani.marco.tkcompanionapp_700', 1, [1, 1, 0, 1, 1, 0, 0, 0], 0, ([222, 136, 86], [571, 468, 0, 103]), [53, 0, 14], [0, 0]]
['byrne.utilities.converter_1', 0, [0, 0, 0, 0, 0, 0, 0, 0], 0, ([0, 0, 0], [0, 0, 0, 0]), [0, 0, 0], [0, 0]]
['com.cax.pmk.ext_331', 0, [0, 0, 0, 0, 0, 0, 0, 0], 0, ([0, 0, 0], [0, 0, 0, 0]), [0, 0, 0], [0, 0]]
['cz.vitskalicky.lepsirozvrh_44', 1, [1, 1, 0, 1, 1, 0, 0, 0], 0, ([11, 11, 0], [28, 26, 0, 2]), [2, 1, 0], [0, 0]]
['de.dm1ri.totalog_102', 1, [1, 1, 1, 1, 1, 0, 0, 0], 0, ([25, 25, 0], [70, 70, 0, 0]), [1, 1, 0], [0, 0]]
['com.ath0.rpn_18', 0, [0, 0, 0, 0, 0, 0, 0, 0], 0, ([0, 0, 0], [0, 0, 0, 0]), [0, 0, 0], [0, 0]]
['com.lukeneedham.braillekeyboard_9', 0, [0, 0, 0, 0, 0, 0, 0, 0], 0, ([0, 0, 0], [0, 0, 0, 0]), [0, 0, 0], [0, 0]]
['com.traffar.game_of_life_4', 1, [0, 0, 1, 0, 0, 0, 0, 0], 0, ([22, 20, 2], [59, 59, 0, 0]), [4, 2, 1], [0, 0]]
['org.woheller69.level_30', 0, [0, 0, 0, 0, 0, 0, 0, 0], 0, ([0, 0, 0], [0, 0, 0, 0]), [0, 0, 0], [0, 0]]
['krillefear.funwithkanji_27', 1, [1, 1, 0, 1, 1, 0, 0, 0], 0, ([38, 4, 34], [143, 127, 1, 15]), [3, 0, 1], [0, 0]]
['com.saverio.wordoftheday_en_17', 0, [0, 0, 0, 0, 0, 0, 0, 0], 0, ([0, 0, 0], [0, 0, 0, 0]), [0, 0, 0], [0, 0]]
['com.sensirion.smartgadget_96', 0, [0, 0, 0, 0, 0, 0, 0, 0], 0, ([0, 0, 0], [0, 0, 0, 0]), [0, 0, 0], [0, 0]]
['org.echoline.drawterm_2', 1, [1, 1, 0, 1, 1, 0, 0, 0], 0, ([13, 0, 13], [24, 22, 0, 2]), [1, 1, 0], [0, 0]]
['org.katsarov.dofcalc_1', 0, [0, 0, 0, 0, 0, 0, 0, 0], 0, ([0, 0, 0], [0, 0, 0, 0]), [0, 0, 0], [0, 0]]
['us.lindanrandy.cidrcalculator_125', 0, [0, 0, 0, 0, 0, 0, 0, 0], 0, ([0, 0, 0], [0, 0, 0, 0]), [0, 0, 0], [0, 0]]
['com.chemistry.admin.chemistrylab_11', 0, [0, 0, 0, 0, 0, 0, 0, 0], 0, ([0, 0, 0], [0, 0, 0, 0]), [0, 0, 0], [0, 0]]
['com.github.cetoolbox_16', 0, [0, 0, 0, 0, 0, 0, 0, 0], 0, ([0, 0, 0], [0, 0, 0, 0]), [0, 0, 0], [0, 0]]
['de.rwth_aachen.phyphox_1011600', 1, [1, 1, 0, 1, 1, 0, 0, 0], 0, ([4, 4, 0], [13, 13, 0, 0]), [2, 1, 0], [0, 0]]
['it.collideorscopeapps.codename_hippopotamos_14', 0, [0, 0, 0, 0, 0, 0, 0, 0], 0, ([0, 0, 0], [0, 0, 0, 0]), [0, 0, 0], [0, 0]]
['com.github.rahul_gill.attendance_2', 1, [1, 1, 0, 1, 1, 0, 0, 0], 0, ([0, 0, 0], [0, 0, 0, 0]), [1, 1, 0], [0, 0]]
['ch.seto.kanjirecog_4', 0, [0, 0, 0, 0, 0, 0, 0, 0], 0, ([0, 0, 0], [0, 0, 0, 0]), [0, 0, 0], [0, 0]]
['com.EthanHeming.NeuralNetworkSimulator_6', 0, [0, 0, 0, 0, 0, 0, 0, 0], 0, ([0, 0, 0], [0, 0, 0, 0]), [0, 0, 0], [0, 0]]
['org.commonvoice.saverio_183', 0, [0, 0, 0, 0, 0, 0, 0, 0], 0, ([0, 0, 0], [0, 0, 0, 0]), [0, 0, 0], [0, 0]]
['in.ac.iitb.cse.cartsbusboarding_15', 0, [0, 0, 0, 0, 0, 0, 0, 0], 0, ([2, 0, 2], [3, 3, 0, 0]), [0, 0, 0], [0, 0]]
['org.iilab.openmentoring_2008', 0, [0, 0, 0, 0, 0, 0, 0, 0], 0, ([0, 0, 0], [0, 0, 0, 0]), [0, 0, 0], [0, 0]]
['com.annie.dictionary.fork_20210415', 1, [1, 1, 0, 1, 1, 0, 0, 0], 0, ([9, 0, 9], [19, 19, 0, 0]), [2, 1, 1], [0, 0]]
['eu.dorfbrunnen.momkin_3', 0, [0, 0, 0, 0, 0, 0, 0, 0], 0, ([0, 0, 0], [0, 0, 0, 0]), [0, 0, 0], [0, 0]]
['de.keplerchemnitz.kepler_app_75', 1, [1, 1, 0, 0, 1, 0, 0, 0], 0, ([42, 4, 38], [152, 135, 1, 16]), [2, 0, 1], [0, 0]]
['de.reimardoeffinger.quickdic_123', 0, [0, 0, 0, 0, 0, 0, 0, 0], 0, ([0, 0, 0], [0, 0, 0, 0]), [0, 0, 0], [0, 0]]
['org.voidsink.anewjkuapp_140087', 0, [0, 0, 0, 0, 0, 0, 0, 0], 0, ([0, 0, 0], [0, 0, 0, 0]), [0, 0, 0], [0, 0]]
['com.vitabytes.meteoweathergr_1', 1, [1, 1, 0, 0, 0, 0, 0, 0], 0, ([105, 18, 87], [266, 190, 4, 72]), [2, 0, 1], [0, 0]]
['com.jvillalba.apod.classic_11', 0, [0, 0, 0, 0, 0, 0, 0, 0], 0, ([0, 0, 0], [0, 0, 0, 0]), [0, 0, 0], [0, 0]]
['com.openpi.spellingwizard_10', 1, [1, 1, 0, 0, 1, 0, 0, 0], 0, ([31, 4, 27], [113, 101, 1, 11]), [2, 0, 1], [0, 0]]
['org.lufebe16.lbalance_1021100', 1, [0, 1, 0, 0, 0, 0, 0, 0], 0, ([52, 43, 9], [146, 141, 0, 5]), [11, 2, 1], [0, 0]]
['joshuatee.wx_55925', 0, [0, 0, 0, 0, 0, 0, 0, 0], 0, ([9, 0, 9], [95, 71, 0, 24]), [0, 0, 0], [0, 0]]
['org.hwyl.sexytopo_81', 0, [0, 0, 0, 0, 0, 0, 0, 0], 0, ([0, 0, 0], [0, 0, 0, 0]), [0, 0, 0], [0, 0]]
['com.simonslater.guitarfretboardtrainer_2', 0, [0, 0, 0, 0, 0, 0, 0, 0], 0, ([0, 0, 0], [0, 0, 0, 0]), [0, 0, 0], [0, 0]]
['com.app.Zensuren_121', 0, [0, 0, 0, 0, 0, 0, 0, 0], 0, ([0, 0, 0], [0, 0, 0, 0]), [0, 0, 0], [0, 0]]
['com.odweta.solon_211', 0, [0, 0, 0, 0, 0, 0, 0, 0], 0, ([0, 0, 0], [0, 0, 0, 0]), [0, 0, 0], [0, 0]]
['fr.ac_versailles.dane.xiaexpress_15', 0, [0, 0, 0, 0, 0, 0, 0, 0], 0, ([0, 0, 0], [0, 0, 0, 0]), [0, 0, 0], [0, 0]]
['com.workingagenda.democracydroid_56', 1, [1, 1, 0, 1, 1, 0, 0, 0], 0, ([15, 15, 0], [61, 49, 0, 12]), [3, 0, 3], [0, 0]]
['com.bnyro.translate_42', 1, [1, 1, 0, 1, 1, 0, 0, 0], 0, ([10, 4, 6], [27, 26, 0, 1]), [4, 2, 2], [0, 0]]
['itkach.aard2_58', 0, [0, 0, 0, 0, 0, 0, 0, 0], 0, ([0, 0, 0], [0, 0, 0, 0]), [0, 0, 0], [0, 0]]
['com.nononsenseapps.wanidoku_7', 0, [0, 0, 0, 0, 0, 0, 0, 0], 0, ([0, 0, 0], [0, 0, 0, 0]), [0, 0, 0], [0, 0]]
['com.openear.www_46', 0, [0, 0, 0, 0, 0, 0, 0, 0], 0, ([0, 0, 0], [0, 0, 0, 0]), [0, 0, 0], [0, 0]]
['fr.odrevet.fujiten_4', 1, [1, 1, 0, 0, 1, 0, 0, 0], 0, ([38, 4, 34], [143, 127, 1, 15]), [2, 0, 1], [0, 0]]
['dev.chungjungsoo.gptmobile_15', 1, [1, 1, 0, 1, 1, 0, 0, 0], 0, ([8, 0, 8], [24, 23, 0, 1]), [2, 1, 1], [0, 0]]
['com.flasskamp.energize_26', 1, [1, 1, 0, 0, 1, 0, 0, 0], 0, ([42, 4, 38], [152, 135, 1, 16]), [2, 0, 1], [0, 0]]
['com.poinsart.votar_9', 1, [1, 1, 1, 1, 1, 1, 1, 0], 0, ([1, 0, 1], [2, 1, 0, 1]), [1, 1, 0], [0, 0]]
['org.epstudios.morbidmeter_24', 0, [0, 0, 0, 0, 0, 0, 0, 0], 0, ([0, 0, 0], [0, 0, 0, 0]), [0, 0, 0], [0, 0]]
['ua.syt0r.kanji.fdroid_2130', 1, [1, 1, 0, 1, 1, 0, 0, 0], 0, ([0, 0, 0], [0, 0, 0, 0]), [1, 1, 0], [0, 0]]
['edu.berkeley.boinc_80003', 0, [0, 0, 0, 0, 0, 0, 0, 0], 0, ([0, 0, 0], [0, 0, 0, 0]), [0, 0, 0], [5, 0]]
['net.youapps.calcyou_4', 0, [0, 0, 0, 0, 0, 0, 0, 0], 0, ([0, 0, 0], [0, 0, 0, 0]), [0, 0, 0], [0, 0]]
['com.googamaphone.typeandspeak_36', 0, [0, 0, 0, 0, 0, 0, 0, 0], 0, ([0, 0, 0], [0, 0, 0, 0]), [0, 0, 0], [0, 0]]
['com.cybrosys.palmcalc_4', 0, [0, 0, 0, 0, 0, 0, 0, 0], 0, ([0, 0, 0], [0, 0, 0, 0]), [0, 0, 0], [0, 0]]
['com.simplytranslate_mobile_13', 1, [1, 1, 0, 0, 1, 0, 0, 0], 0, ([92, 18, 74], [245, 171, 5, 69]), [2, 0, 1], [0, 0]]
['com.example.dozencalc_1', 0, [0, 0, 0, 0, 0, 0, 0, 0], 0, ([0, 0, 0], [0, 0, 0, 0]), [0, 0, 0], [0, 0]]
['se.bitcraze.crazyfliecontrol2_20', 0, [0, 0, 0, 0, 0, 0, 0, 0], 0, ([0, 0, 0], [0, 0, 0, 0]), [0, 0, 0], [0, 0]]
['org.tengel.timescale_13', 0, [0, 0, 0, 0, 0, 0, 0, 0], 0, ([0, 0, 0], [0, 0, 0, 0]), [0, 0, 0], [0, 0]]
['de.drhoffmannsoftware_11', 0, [0, 0, 0, 0, 0, 0, 0, 0], 0, ([0, 0, 0], [0, 0, 0, 0]), [0, 0, 0], [0, 0]]
['org.liberty.android.fantastischmemo_237', 0, [0, 0, 0, 0, 0, 0, 0, 0], 0, ([0, 0, 0], [0, 0, 0, 0]), [0, 0, 0], [0, 0]]
['me.anon.grow_2631', 0, [0, 0, 0, 0, 0, 0, 0, 0], 0, ([0, 0, 0], [0, 0, 0, 0]), [0, 0, 0], [0, 0]]
['org.mosad.seil0.projectlaogai_6000', 0, [0, 0, 0, 0, 0, 0, 0, 0], 0, ([0, 0, 0], [0, 0, 0, 0]), [0, 0, 0], [0, 0]]
['de.deftk.openww.android_8', 0, [0, 0, 0, 0, 0, 0, 0, 0], 0, ([0, 0, 0], [0, 0, 0, 0]), [0, 0, 0], [0, 0]]
['de.herrmann_engel.rbv_77', 0, [0, 0, 0, 0, 0, 0, 0, 0], 0, ([0, 0, 0], [0, 0, 0, 0]), [0, 0, 0], [0, 0]]
['com.sanskritbasics_34', 0, [0, 0, 0, 0, 0, 0, 0, 0], 0, ([0, 0, 0], [0, 0, 0, 0]), [0, 0, 0], [0, 0]]
['me.anuraag.grader_3', 0, [0, 0, 0, 0, 0, 0, 0, 0], 0, ([0, 0, 0], [0, 0, 0, 0]), [0, 0, 0], [0, 0]]
['foss.cnugteren.nlweer_15', 0, [0, 0, 0, 0, 0, 0, 0, 0], 0, ([0, 0, 0], [0, 0, 0, 0]), [0, 0, 0], [0, 0]]
['com.example.deeplviewer_41', 0, [0, 0, 0, 0, 0, 0, 0, 0], 0, ([0, 0, 0], [0, 0, 0, 0]), [0, 0, 0], [0, 0]]
['garden.lina.oblique_strategies_2', 1, [1, 1, 0, 0, 1, 0, 0, 0], 0, ([41, 4, 37], [152, 135, 1, 16]), [2, 0, 1], [0, 0]]
['de.hfu.funfpunktnull_22', 0, [0, 0, 0, 0, 0, 0, 0, 0], 0, ([0, 0, 0], [0, 0, 0, 0]), [0, 0, 0], [0, 0]]
['com.rohitsuratekar.NCBSinfo_74', 0, [0, 0, 0, 0, 0, 0, 0, 0], 0, ([0, 0, 0], [0, 0, 0, 0]), [0, 0, 0], [0, 0]]
['com.example.root.analyticaltranslator_6', 0, [0, 0, 0, 0, 0, 0, 0, 0], 0, ([0, 0, 0], [0, 0, 0, 0]), [0, 0, 0], [0, 0]]
['com.jacquesb.planetario_a_3', 0, [0, 0, 0, 0, 0, 0, 0, 0], 0, ([0, 0, 0], [0, 0, 0, 0]), [0, 0, 0], [0, 0]]
['com.leestarb.fourthtools_341', 0, [0, 0, 0, 0, 0, 0, 0, 0], 0, ([0, 0, 0], [0, 0, 0, 0]), [0, 0, 0], [0, 0]]
['net.alexbarry.calc_android_10', 1, [1, 1, 0, 1, 1, 0, 0, 0], 0, ([14, 4, 10], [34, 34, 0, 0]), [1, 1, 0], [0, 0]]
['com.daniel.mobilepauker2_6', 1, [1, 1, 1, 1, 1, 1, 1, 0], 0, ([41, 41, 0], [102, 94, 0, 8]), [1, 1, 1], [0, 0]]
['com.sanskritbasics.memory_34', 0, [0, 0, 0, 0, 0, 0, 0, 0], 0, ([0, 0, 0], [0, 0, 0, 0]), [0, 0, 0], [0, 0]]
['gal.sli.singal_21', 0, [0, 0, 0, 0, 0, 0, 0, 0], 0, ([0, 0, 0], [0, 0, 0, 0]), [0, 0, 0], [0, 0]]
