apk_name, have_lib, [arm64-v8a, armeabi-v7a, armeabi, x86, x86_64, mips, mips64, other], native-activity, ([jni_method_total_num, static_num, nostatic_num], [total_all_type, total_basic_type, total_icc_type, total_complex_type, total_complex_type]), [so_total_num, so_Java_num, so_onLoad_num], [have_other_elf, have_pwd_zip]
['com.starapps.tools.tnefextractor_1', 0, [0, 0, 0, 0, 0, 0, 0, 0], 0, ([0, 0, 0], [0, 0, 0, 0]), [0, 0, 0], [0, 0]]
['io.vertretungsplan.client.android_9', 1, [1, 1, 0, 1, 1, 0, 0, 0], 0, ([8, 0, 8], [24, 23, 0, 1]), [1, 0, 1], [0, 0]]
['fr.rhaz.ipfs.sweet_20', 0, [0, 0, 0, 0, 0, 0, 0, 0], 0, ([0, 0, 0], [0, 0, 0, 0]), [0, 0, 0], [0, 0]]
['com.github.howeyc.crocgui_38']
['org.framasoft.peertube_18', 1, [1, 1, 0, 1, 1, 0, 0, 0], 0, ([52, 14, 38], [179, 160, 1, 18]), [4, 1, 1], [0, 0]]
['gr.ndre.scuttloid_3', 0, [0, 0, 0, 0, 0, 0, 0, 0], 0, ([0, 0, 0], [0, 0, 0, 0]), [0, 0, 0], [0, 0]]
['ch.abertschi.waterme.water_me_8', 1, [1, 1, 0, 0, 1, 0, 0, 0], 0, ([38, 4, 34], [143, 127, 1, 15]), [2, 0, 1], [0, 0]]
['nl.moeilijkedingen.jellyfinaudioplayer_33', 1, [1, 1, 0, 1, 1, 0, 0, 0], 0, ([315, 161, 154], [765, 620, 0, 145]), [46, 1, 23], [0, 0]]
['app.pachli_26', 1, [1, 1, 0, 1, 1, 0, 0, 0], 0, ([289, 288, 1], [950, 724, 0, 226]), [2, 0, 2], [0, 0]]
['chat.schildi.android_9604', 1, [0, 0, 0, 0, 1, 0, 0, 0], 0, ([680, 86, 594], [1559, 1136, 0, 423]), [9, 4, 4], [0, 0]]
['com.github.samotari.paynoway_20100', 0, [0, 0, 0, 0, 0, 0, 0, 0], 0, ([0, 0, 0], [0, 0, 0, 0]), [0, 0, 0], [0, 0]]
['com.perflyst.twire_534', 1, [1, 1, 0, 1, 1, 0, 0, 0], 0, ([10, 3, 7], [25, 16, 0, 9]), [1, 0, 1], [0, 0]]
['chat.fluffy.fluffychat_3536', 1, [1, 1, 0, 1, 1, 0, 0, 0], 0, ([292, 201, 91], [914, 739, 9, 166]), [9, 1, 3], [0, 0]]
['ch.threema.app.libre_1013', 1, [1, 1, 0, 1, 1, 0, 0, 0], 0, ([761, 188, 573], [1782, 1293, 8, 481]), [5, 3, 3], [0, 0]]
['com.example.oj_helper_1', 1, [1, 1, 0, 0, 1, 0, 0, 0], 0, ([99, 23, 76], [259, 180, 5, 74]), [2, 0, 1], [0, 0]]
['org.mazhuang.guanggoo_179', 0, [0, 0, 0, 0, 0, 0, 0, 0], 0, ([0, 0, 0], [0, 0, 0, 0]), [0, 0, 0], [0, 0]]
['dev.yashgarg.qbit_17', 1, [1, 1, 0, 1, 1, 0, 0, 0], 0, ([3, 3, 0], [10, 9, 0, 1]), [2, 1, 0], [0, 0]]
['it.belloworld.mercurygram_4945019', 1, [1, 1, 0, 1, 1, 0, 0, 0], 0, ([416, 251, 165], [1344, 1150, 8, 186]), [1, 1, 1], [0, 0]]
['com.github.libretube_59', 0, [0, 0, 0, 0, 0, 0, 0, 0], 0, ([0, 0, 0], [0, 0, 0, 0]), [0, 0, 0], [0, 0]]
['io.nekohasekai.sfa_467', 1, [1, 1, 0, 1, 1, 0, 0, 0], 0, ([402, 70, 332], [665, 560, 0, 105]), [3, 3, 0], [0, 0]]
['net.casimirlab.frigoligo_38', 1, [1, 1, 0, 1, 1, 0, 0, 0], 0, ([42, 4, 38], [152, 135, 1, 16]), [3, 0, 1], [0, 0]]
['io.github.jica98_95', 1, [1, 1, 0, 0, 1, 0, 0, 0], 0, ([41, 4, 37], [151, 134, 1, 16]), [2, 0, 1], [0, 0]]
['it.niedermann.owncloud.notes_40030190', 0, [0, 0, 0, 0, 0, 0, 0, 0], 0, ([0, 0, 0], [0, 0, 0, 0]), [0, 0, 0], [0, 0]]
['com.github.lamarios.clipious_40693', 1, [1, 0, 0, 0, 0, 0, 0, 0], 0, ([281, 39, 242], [543, 333, 4, 206]), [12, 2, 3], [0, 0]]
['com.kanedias.archforums_160000', 1, [1, 1, 0, 1, 1, 0, 0, 0], 0, ([1, 0, 1], [2, 2, 0, 0]), [1, 1, 0], [0, 0]]
['me.murks.feedwatcher_27', 0, [0, 0, 0, 0, 0, 0, 0, 0], 0, ([0, 0, 0], [0, 0, 0, 0]), [0, 0, 0], [0, 0]]
['com.github.shadowsocks.plugin.ck_client_22', 1, [1, 1, 0, 1, 1, 0, 0, 0], 0, ([0, 0, 0], [0, 0, 0, 0]), [1, 0, 0], [0, 0]]
['org.grating.recolldroid_2', 1, [1, 1, 0, 1, 1, 0, 0, 0], 0, ([12, 0, 12], [32, 31, 0, 1]), [2, 1, 1], [0, 0]]
['app.intra_68', 1, [1, 1, 0, 1, 1, 0, 0, 0], 0, ([81, 18, 63], [135, 111, 0, 24]), [1, 1, 0], [0, 0]]
['de.qwerty287.ftpclient_23', 0, [0, 0, 0, 0, 0, 0, 0, 0], 0, ([0, 0, 0], [0, 0, 0, 0]), [0, 0, 0], [0, 0]]
['com.pcinpact_291', 0, [0, 0, 0, 0, 0, 0, 0, 0], 0, ([0, 0, 0], [0, 0, 0, 0]), [0, 0, 0], [0, 0]]
['de.sirjofri.fingerlist_101000', 0, [0, 0, 0, 0, 0, 0, 0, 0], 0, ([0, 0, 0], [0, 0, 0, 0]), [0, 0, 0], [0, 0]]
['org.droidtr.termbin_1', 0, [0, 0, 0, 0, 0, 0, 0, 0], 0, ([0, 0, 0], [0, 0, 0, 0]), [0, 0, 0], [0, 0]]
['pro.oblivioncoding.fluffy_board_33112291', 1, [1, 1, 0, 0, 1, 0, 0, 0], 0, ([35, 4, 31], [129, 115, 1, 13]), [2, 0, 1], [0, 0]]
['org.thosp.yourlocalweather_178', 0, [0, 0, 0, 0, 0, 0, 0, 0], 0, ([0, 0, 0], [0, 0, 0, 0]), [0, 0, 0], [0, 0]]
['com.sapuseven.untis_28334728', 1, [1, 1, 0, 1, 1, 0, 0, 0], 0, ([3, 3, 0], [10, 9, 0, 1]), [2, 1, 0], [0, 0]]
['science.itaintrocket.pomfshare_3', 0, [0, 0, 0, 0, 0, 0, 0, 0], 0, ([0, 0, 0], [0, 0, 0, 0]), [0, 0, 0], [0, 0]]
['io.simplelogin.android.fdroid_12200', 0, [0, 0, 0, 0, 0, 0, 0, 0], 0, ([0, 0, 0], [0, 0, 0, 0]), [0, 0, 0], [0, 0]]
['org.polymorphicshade.tubular_1002', 0, [0, 0, 0, 0, 0, 0, 0, 0], 0, ([0, 0, 0], [0, 0, 0, 0]), [0, 0, 0], [0, 0]]
['org.itxtech.daedalus_21', 0, [0, 0, 0, 0, 0, 0, 0, 0], 0, ([121, 121, 0], [473, 332, 0, 141]), [0, 0, 0], [0, 0]]
['ca.andries.portknocker_1', 0, [0, 0, 0, 0, 0, 0, 0, 0], 0, ([0, 0, 0], [0, 0, 0, 0]), [0, 0, 0], [0, 0]]
['net.thunderbird.android.beta_11', 1, [1, 1, 0, 1, 1, 0, 0, 0], 0, ([14, 6, 8], [102, 77, 0, 25]), [2, 1, 1], [0, 0]]
['com.ruesga.rview_69', 0, [0, 0, 0, 0, 0, 0, 0, 0], 0, ([0, 0, 0], [0, 0, 0, 0]), [0, 0, 0], [0, 0]]
['ch.abertschi.adfree_42', 0, [0, 0, 0, 0, 0, 0, 0, 0], 0, ([0, 0, 0], [0, 0, 0, 0]), [0, 0, 0], [0, 0]]
['de.serverfrog.pw.android_1016', 0, [0, 0, 0, 0, 0, 0, 0, 0], 0, ([0, 0, 0], [0, 0, 0, 0]), [0, 0, 0], [0, 0]]
['com.manimarank.websitemonitor_9', 0, [0, 0, 0, 0, 0, 0, 0, 0], 0, ([0, 0, 0], [0, 0, 0, 0]), [0, 0, 0], [0, 0]]
['org.snikket.android_4209504', 1, [1, 0, 0, 0, 0, 0, 0, 0], 0, ([480, 420, 60], [1508, 1142, 8, 358]), [2, 1, 2], [0, 0]]
['godau.fynn.bandcampdirect_3', 0, [0, 0, 0, 0, 0, 0, 0, 0], 0, ([0, 0, 0], [0, 0, 0, 0]), [0, 0, 0], [0, 0]]
['com.gianlu.dnshero_41', 0, [0, 0, 0, 0, 0, 0, 0, 0], 0, ([0, 0, 0], [0, 0, 0, 0]), [0, 0, 0], [0, 0]]
['chat.delta.lite_300007064', 1, [0, 0, 0, 0, 1, 0, 0, 0], 0, ([239, 5, 234], [412, 400, 0, 12]), [4, 3, 2], [0, 0]]
['com.odysee.floss_83', 0, [0, 0, 0, 0, 0, 0, 0, 0], 0, ([0, 0, 0], [0, 0, 0, 0]), [0, 0, 0], [0, 0]]
['com.gitlab.terrakok.gitfox_609', 1, [1, 1, 1, 1, 1, 0, 0, 0], 0, ([17, 17, 0], [37, 35, 0, 2]), [1, 1, 1], [0, 0]]
['allen.town.focus.mastodon_1630', 1, [1, 1, 0, 1, 1, 0, 0, 0], 0, ([3, 3, 0], [11, 3, 0, 8]), [1, 0, 1], [0, 0]]
['org.kontalk_500', 1, [1, 1, 0, 1, 1, 0, 0, 0], 0, ([61, 61, 0], [200, 197, 0, 3]), [1, 0, 1], [0, 0]]
['bus.chio.wishmaster_1003', 1, [1, 1, 0, 1, 1, 0, 0, 0], 0, ([18, 18, 0], [54, 51, 0, 3]), [1, 1, 1], [0, 0]]
['com.nyx.custom_uploader_9', 1, [1, 1, 0, 0, 1, 0, 0, 0], 0, ([41, 4, 37], [152, 135, 1, 16]), [2, 0, 1], [0, 0]]
['org.cipherdyne.fwknop2_32', 1, [0, 1, 1, 1, 0, 1, 0, 0], 0, ([1, 0, 1], [1, 1, 0, 0]), [1, 1, 0], [0, 0]]
['com.fullscreen_2', 0, [0, 0, 0, 0, 0, 0, 0, 0], 0, ([0, 0, 0], [0, 0, 0, 0]), [0, 0, 0], [0, 0]]
['net.haltcondition.anode_7', 0, [0, 0, 0, 0, 0, 0, 0, 0], 0, ([0, 0, 0], [0, 0, 0, 0]), [0, 0, 0], [0, 0]]
['com.trianguloy.urlchecker_38', 0, [0, 0, 0, 0, 0, 0, 0, 0], 0, ([0, 0, 0], [0, 0, 0, 0]), [0, 0, 0], [0, 0]]
['com.elektropepi.bootboi_11', 1, [1, 1, 0, 1, 1, 0, 0, 0], 0, ([197, 129, 68], [512, 428, 0, 84]), [28, 0, 14], [0, 0]]
['de.bwl.lfdi.app_2', 0, [0, 0, 0, 0, 0, 0, 0, 0], 0, ([0, 0, 0], [0, 0, 0, 0]), [0, 0, 0], [0, 0]]
['org.stingle.photos_57', 1, [1, 1, 1, 1, 1, 1, 1, 0], 0, ([237, 72, 165], [1164, 1034, 0, 130]), [3, 2, 1], [0, 0]]
['fr.emersion.goguma_1079', 1, [1, 1, 0, 0, 1, 0, 0, 0], 0, ([41, 4, 37], [151, 134, 1, 16]), [3, 0, 1], [0, 0]]
['livio.rssreader_109', 0, [0, 0, 0, 0, 0, 0, 0, 0], 0, ([0, 0, 0], [0, 0, 0, 0]), [0, 0, 0], [0, 0]]
['com.mrl.pixiv_10013', 1, [1, 1, 0, 1, 1, 0, 0, 0], 0, ([8, 0, 8], [24, 23, 0, 1]), [2, 1, 1], [0, 0]]
['com.dimtion.shaarlier_33', 0, [0, 0, 0, 0, 0, 0, 0, 0], 0, ([0, 0, 0], [0, 0, 0, 0]), [0, 0, 0], [0, 0]]
['de.kitshn.android_1170', 1, [1, 1, 0, 1, 1, 0, 0, 0], 0, ([8, 0, 8], [24, 23, 0, 1]), [2, 1, 1], [0, 0]]
['com.btmura.android.reddit_12', 0, [0, 0, 0, 0, 0, 0, 0, 0], 0, ([0, 0, 0], [0, 0, 0, 0]), [0, 0, 0], [0, 0]]
['tech.platypush.platypush_1000100', 0, [0, 0, 0, 0, 0, 0, 0, 0], 0, ([0, 0, 0], [0, 0, 0, 0]), [0, 0, 0], [0, 0]]
['se.lublin.mumla_109', 1, [1, 1, 0, 1, 1, 0, 0, 0], 0, ([144, 79, 65], [447, 300, 0, 147]), [4, 4, 4], [0, 0]]
['com.ensoft.imgurviewer_24000', 1, [1, 1, 0, 1, 1, 0, 0, 0], 0, ([67, 25, 42], [152, 119, 0, 33]), [5, 0, 5], [0, 0]]
['org.woheller69.solxpect_25', 0, [0, 0, 0, 0, 0, 0, 0, 0], 0, ([0, 0, 0], [0, 0, 0, 0]), [0, 0, 0], [0, 0]]
['de.tobiasbielefeld.searchbar_15', 0, [0, 0, 0, 0, 0, 0, 0, 0], 0, ([0, 0, 0], [0, 0, 0, 0]), [0, 0, 0], [0, 0]]
['ru.yourok.torrserve_172', 1, [1, 1, 0, 1, 1, 0, 0, 0], 0, ([288, 288, 0], [940, 715, 0, 225]), [1, 0, 1], [0, 0]]
['com.cabbagelol.bfban_523', 1, [1, 0, 0, 0, 0, 0, 0, 0], 0, ([46, 9, 37], [216, 179, 1, 36]), [3, 1, 1], [0, 0]]
['com.greenart7c3.nostrsigner_129', 1, [1, 1, 1, 1, 1, 1, 1, 0], 0, ([277, 89, 188], [1281, 1167, 0, 114]), [4, 2, 2], [0, 0]]
['net.gitsaibot.af_19', 0, [0, 0, 0, 0, 0, 0, 0, 0], 0, ([0, 0, 0], [0, 0, 0, 0]), [0, 0, 0], [0, 0]]
['net.drawpile_2020204004', 1, [0, 0, 0, 0, 1, 0, 0, 0], 0, ([100, 93, 7], [281, 261, 1, 19]), [34, 1, 4], [0, 0]]
['org.gnosco.share2archivetoday_30', 0, [0, 0, 0, 0, 0, 0, 0, 0], 0, ([0, 0, 0], [0, 0, 0, 0]), [0, 0, 0], [0, 0]]
['bou.amine.apps.readerforselfossv2.android_125010291', 0, [0, 0, 0, 0, 0, 0, 0, 0], 0, ([0, 0, 0], [0, 0, 0, 0]), [0, 0, 0], [0, 0]]
['at.finderlein.noe_2020', 1, [1, 1, 0, 0, 1, 0, 0, 0], 0, ([38, 4, 34], [143, 127, 1, 15]), [2, 0, 1], [0, 0]]
['godau.fynn.moodledirect_8', 0, [0, 0, 0, 0, 0, 0, 0, 0], 0, ([0, 0, 0], [0, 0, 0, 0]), [0, 0, 0], [0, 0]]
['com.mirfatif.mylocation_106', 0, [0, 0, 0, 0, 0, 0, 0, 0], 0, ([0, 0, 0], [0, 0, 0, 0]), [0, 0, 0], [0, 0]]
['com.afollestad.nocknock_30', 0, [0, 0, 0, 0, 0, 0, 0, 0], 0, ([0, 0, 0], [0, 0, 0, 0]), [0, 0, 0], [0, 0]]
['com.keylesspalace.tusky_129', 1, [1, 1, 0, 1, 1, 0, 0, 0], 0, ([299, 293, 6], [980, 746, 0, 234]), [3, 1, 3], [0, 0]]
['org.asafonov.weather_10', 0, [0, 0, 0, 0, 0, 0, 0, 0], 0, ([0, 0, 0], [0, 0, 0, 0]), [0, 0, 0], [0, 0]]
['de.hirtenstrasse.michael.lnkshortener_7', 0, [0, 0, 0, 0, 0, 0, 0, 0], 0, ([0, 0, 0], [0, 0, 0, 0]), [0, 0, 0], [0, 0]]
['org.bombusmod_1426', 0, [0, 0, 0, 0, 0, 0, 0, 0], 0, ([0, 0, 0], [0, 0, 0, 0]), [0, 0, 0], [0, 0]]
['com.github.shadowsocks.tv_5030450', 1, [1, 1, 0, 1, 1, 0, 0, 0], 0, ([0, 0, 0], [0, 0, 0, 0]), [3, 0, 0], [0, 0]]
['co.appreactor.news_24', 1, [1, 1, 0, 1, 1, 0, 0, 0], 0, ([61, 61, 0], [200, 197, 0, 3]), [1, 0, 1], [0, 0]]
['com.ubergeek42.WeechatAndroid_10900', 0, [0, 0, 0, 0, 0, 0, 0, 0], 0, ([0, 0, 0], [0, 0, 0, 0]), [0, 0, 0], [0, 0]]
['org.softeg.slartus.forpdaplus_680', 0, [0, 0, 0, 0, 0, 0, 0, 0], 0, ([0, 0, 0], [0, 0, 0, 0]), [0, 0, 0], [0, 0]]
['de.metager.metagerapp.fdroid_50109', 0, [0, 0, 0, 0, 0, 0, 0, 0], 0, ([0, 0, 0], [0, 0, 0, 0]), [0, 0, 0], [0, 0]]
['de.live.gdev.timetracker_26', 0, [0, 0, 0, 0, 0, 0, 0, 0], 0, ([0, 0, 0], [0, 0, 0, 0]), [0, 0, 0], [0, 0]]
['com.trianguloy.continuousDataUsage_28', 0, [0, 0, 0, 0, 0, 0, 0, 0], 0, ([0, 0, 0], [0, 0, 0, 0]), [0, 0, 0], [0, 0]]
['io.github.chiver_211', 0, [0, 0, 0, 0, 0, 0, 0, 0], 0, ([0, 0, 0], [0, 0, 0, 0]), [0, 0, 0], [0, 0]]
['de.idiomreplacex.browser_app_1', 1, [1, 1, 0, 0, 1, 0, 0, 0], 0, ([36, 5, 31], [134, 120, 1, 13]), [2, 0, 1], [0, 0]]
['com.lavabit.pahoehoe_202', 1, [1, 1, 0, 1, 1, 0, 0, 0], 0, ([26, 12, 14], [41, 37, 0, 4]), [5, 3, 1], [8, 0]]
['de.badaix.snapcast_2901', 1, [1, 1, 0, 1, 1, 0, 0, 0], 0, ([0, 0, 0], [0, 0, 0, 0]), [1, 0, 0], [0, 0]]
['net.ibbaa.keepitup_11', 0, [0, 0, 0, 0, 0, 0, 0, 0], 0, ([0, 0, 0], [0, 0, 0, 0]), [0, 0, 0], [0, 0]]
['de.wivewa.android_6', 0, [0, 0, 0, 0, 0, 0, 0, 0], 0, ([0, 0, 0], [0, 0, 0, 0]), [0, 0, 0], [0, 0]]
['com.gmail.afonsotrepa.pocketgopher_2', 0, [0, 0, 0, 0, 0, 0, 0, 0], 0, ([0, 0, 0], [0, 0, 0, 0]), [0, 0, 0], [0, 0]]
['com.fsck.k9_39020', 1, [1, 1, 0, 1, 1, 0, 0, 0], 0, ([8, 0, 8], [24, 23, 0, 1]), [1, 0, 1], [0, 0]]
['dev.ukanth.ufirewall_20230828', 0, [0, 0, 0, 0, 0, 0, 0, 0], 0, ([0, 0, 0], [0, 0, 0, 0]), [0, 0, 0], [0, 0]]
['com.skyd.anivu_25', 1, [1, 0, 0, 0, 0, 0, 0, 0], 0, ([3666, 3658, 8], [10948, 7914, 1, 3033]), [15, 3, 1], [0, 0]]
['com.porg.gugal_24', 1, [1, 1, 0, 1, 1, 0, 0, 0], 0, ([8, 0, 8], [24, 23, 0, 1]), [1, 0, 1], [0, 0]]
['org.joinmastodon.android.moshinda_108', 0, [0, 0, 0, 0, 0, 0, 0, 0], 0, ([0, 0, 0], [0, 0, 0, 0]), [0, 0, 0], [0, 0]]
['org.mian.gitnex_700', 1, [1, 1, 0, 1, 1, 0, 0, 0], 0, ([51, 43, 8], [130, 121, 0, 9]), [2, 1, 2], [0, 0]]
['com.gianlu.aria2app_230', 1, [1, 1, 0, 1, 1, 0, 0, 0], 0, ([0, 0, 0], [0, 0, 0, 0]), [1, 0, 0], [0, 0]]
['org.deluge.trireme_27', 1, [1, 1, 0, 0, 1, 0, 0, 0], 0, ([41, 4, 37], [152, 135, 1, 16]), [2, 0, 1], [0, 0]]
['eu.faircode.netguard_2024122801', 1, [1, 1, 0, 1, 1, 0, 0, 0], 0, ([11, 3, 8], [30, 30, 0, 0]), [1, 1, 1], [0, 0]]
['im.fdx.v2ex_69', 0, [0, 0, 0, 0, 0, 0, 0, 0], 0, ([0, 0, 0], [0, 0, 0, 0]), [0, 0, 0], [0, 0]]
['com.atop_1', 1, [1, 1, 0, 1, 1, 0, 0, 0], 0, ([203, 113, 90], [497, 413, 0, 84]), [11, 0, 5], [0, 0]]
['com.livefast.eattrash.raccoonforlemmy.android_141', 1, [1, 1, 0, 1, 1, 0, 0, 0], 0, ([40, 32, 8], [129, 125, 0, 4]), [2, 0, 2], [0, 0]]
['com.maksimowiczm.findmyip_4', 1, [1, 1, 0, 1, 1, 0, 0, 0], 0, ([8, 0, 8], [24, 23, 0, 1]), [2, 1, 1], [0, 0]]
['com.hfut.schedule_157', 1, [1, 1, 0, 1, 1, 0, 0, 0], 0, ([18, 6, 12], [110, 85, 0, 25]), [3, 2, 1], [0, 0]]
['org.moire.ultrasonic_130', 0, [0, 0, 0, 0, 0, 0, 0, 0], 0, ([0, 0, 0], [0, 0, 0, 0]), [0, 0, 0], [0, 0]]
['org.atalk.android_401010', 1, [1, 1, 0, 1, 1, 0, 0, 0], 0, ([298, 282, 16], [957, 938, 0, 19]), [10, 9, 0], [0, 0]]
['com.dar.nclientv2_305', 0, [0, 0, 0, 0, 0, 0, 0, 0], 0, ([0, 0, 0], [0, 0, 0, 0]), [0, 0, 0], [0, 0]]
['com.tachibana.downloader_15', 0, [0, 0, 0, 0, 0, 0, 0, 0], 0, ([0, 0, 0], [0, 0, 0, 0]), [0, 0, 0], [0, 0]]
['de.tutao.tutanota_396442', 1, [1, 1, 1, 1, 1, 1, 1, 0], 0, ([419, 364, 55], [1396, 1101, 0, 295]), [5, 2, 3], [0, 0]]
['org.futo.circles_4404', 1, [1, 0, 0, 0, 0, 0, 0, 0], 0, ([593, 393, 200], [1846, 1744, 0, 102]), [8, 5, 4], [0, 0]]
['io.github.drumber.kitsune_37', 1, [1, 1, 0, 1, 1, 0, 0, 0], 0, ([8, 0, 8], [24, 23, 0, 1]), [1, 0, 1], [0, 0]]
['hu.tagsoft.ttorrent.search_3', 0, [0, 0, 0, 0, 0, 0, 0, 0], 0, ([0, 0, 0], [0, 0, 0, 0]), [0, 0, 0], [0, 0]]
['eu.quelltext.mundraub_237', 0, [0, 0, 0, 0, 0, 0, 0, 0], 0, ([0, 0, 0], [0, 0, 0, 0]), [0, 0, 0], [0, 0]]
['moe.dic1911.urlsanitizer_32', 0, [0, 0, 0, 0, 0, 0, 0, 0], 0, ([0, 0, 0], [0, 0, 0, 0]), [0, 0, 0], [0, 0]]
['com.windscribe.vpn_1570', 1, [1, 1, 0, 1, 1, 0, 0, 0], 0, ([597, 428, 169], [1889, 1401, 0, 488]), [15, 3, 5], [4, 0]]
['search.searx_2', 0, [0, 0, 0, 0, 0, 0, 0, 0], 0, ([0, 0, 0], [0, 0, 0, 0]), [0, 0, 0], [0, 0]]
['uk.openvk.android.legacy_241', 1, [1, 1, 1, 1, 1, 1, 1, 0], 0, ([25, 18, 7], [65, 61, 0, 4]), [1, 1, 1], [0, 0]]
['de.binary_kitchen.doorlock_app_8', 0, [0, 0, 0, 0, 0, 0, 0, 0], 0, ([0, 0, 0], [0, 0, 0, 0]), [0, 0, 0], [0, 0]]
['com.adguard.android.contentblocker_22000009', 0, [0, 0, 0, 0, 0, 0, 0, 0], 0, ([0, 0, 0], [0, 0, 0, 0]), [0, 0, 0], [0, 0]]
['org.stridetasks.stride_13', 1, [0, 0, 0, 0, 1, 0, 0, 0], 0, ([98, 22, 76], [258, 180, 5, 73]), [3, 0, 1], [0, 0]]
['org.stypox.dicio_13', 1, [1, 1, 0, 1, 1, 0, 0, 0], 0, ([156, 144, 12], [554, 458, 0, 96]), [5, 3, 2], [0, 0]]
['net.sourceforge.dibdib.android.dib2qm_2422', 0, [0, 0, 0, 0, 0, 0, 0, 0], 0, ([0, 0, 0], [0, 0, 0, 0]), [0, 0, 0], [0, 0]]
['de.antonfluegge.android.yubnubwidgetadfree_7', 0, [0, 0, 0, 0, 0, 0, 0, 0], 0, ([0, 0, 0], [0, 0, 0, 0]), [0, 0, 0], [0, 0]]
['org.libre.agosto.p2play_13', 0, [0, 0, 0, 0, 0, 0, 0, 0], 0, ([0, 0, 0], [0, 0, 0, 0]), [0, 0, 0], [0, 0]]
['de.spiritcroc.riotx_40101344', 1, [0, 0, 0, 0, 1, 0, 0, 0], 0, ([1646, 796, 850], [4399, 3703, 8, 688]), [72, 7, 24], [0, 0]]
['com.mrsep.musicrecognizer_27', 1, [1, 1, 0, 1, 1, 0, 0, 0], 0, ([8, 0, 8], [24, 23, 0, 1]), [2, 1, 1], [0, 0]]
['is.binary.alcoholnow_6', 1, [1, 1, 0, 0, 1, 0, 0, 0], 0, ([35, 4, 31], [129, 115, 1, 13]), [2, 0, 1], [0, 0]]
['site.leos.setter_19', 0, [0, 0, 0, 0, 0, 0, 0, 0], 0, ([0, 0, 0], [0, 0, 0, 0]), [0, 0, 0], [0, 0]]
['eu.artectrex.bunny_604', 1, [0, 0, 0, 0, 1, 0, 0, 0], 0, ([19, 19, 0], [42, 42, 0, 0]), [11, 3, 2], [0, 0]]
['org.jak_linux.dns66_29', 0, [0, 0, 0, 0, 0, 0, 0, 0], 0, ([121, 121, 0], [473, 332, 0, 141]), [0, 0, 0], [0, 0]]
['org.dystopia.email_120', 0, [0, 0, 0, 0, 0, 0, 0, 0], 0, ([0, 0, 0], [0, 0, 0, 0]), [0, 0, 0], [0, 0]]
['com.emanuelef.remote_capture_78', 1, [1, 1, 0, 1, 1, 0, 0, 0], 0, ([24, 24, 0], [50, 44, 0, 6]), [3, 1, 0], [0, 0]]
['com.artivain.reseaudiscord_1', 0, [0, 0, 0, 0, 0, 0, 0, 0], 0, ([0, 0, 0], [0, 0, 0, 0]), [0, 0, 0], [0, 0]]
['io.github.datastopwatch_10', 0, [0, 0, 0, 0, 0, 0, 0, 0], 0, ([0, 0, 0], [0, 0, 0, 0]), [0, 0, 0], [0, 0]]
['com.xrcbapp_22', 1, [1, 1, 0, 1, 1, 0, 0, 0], 0, ([233, 135, 98], [577, 482, 0, 95]), [62, 0, 16], [0, 0]]
['com.anoopknr.pastebin_3', 0, [0, 0, 0, 0, 0, 0, 0, 0], 0, ([0, 0, 0], [0, 0, 0, 0]), [0, 0, 0], [0, 0]]
['com.github.trilinder.tapasclient_1', 0, [0, 0, 0, 0, 0, 0, 0, 0], 0, ([0, 0, 0], [0, 0, 0, 0]), [0, 0, 0], [0, 0]]
['com.github.shadowsocks.plugin.v2ray_1030300', 1, [1, 1, 0, 1, 1, 0, 0, 0], 0, ([0, 0, 0], [0, 0, 0, 0]), [1, 0, 0], [0, 0]]
['com.cweb.messenger_4208104', 1, [1, 0, 0, 0, 0, 0, 0, 0], 0, ([480, 420, 60], [1508, 1142, 8, 358]), [2, 1, 2], [0, 0]]
['com.fabienli.dokuwiki_76', 0, [0, 0, 0, 0, 0, 0, 0, 0], 0, ([0, 0, 0], [0, 0, 0, 0]), [0, 0, 0], [0, 0]]
['com.kolloware.wechange_6', 0, [0, 0, 0, 0, 0, 0, 0, 0], 0, ([0, 0, 0], [0, 0, 0, 0]), [0, 0, 0], [0, 0]]
['com.thehoick.evergreenwishlist_18', 0, [0, 0, 0, 0, 0, 0, 0, 0], 0, ([0, 0, 0], [0, 0, 0, 0]), [0, 0, 0], [0, 0]]
['com.iven.xdafeedreader_5', 0, [0, 0, 0, 0, 0, 0, 0, 0], 0, ([0, 0, 0], [0, 0, 0, 0]), [0, 0, 0], [0, 0]]
['org.proninyaroslav.libretrack_6133', 1, [0, 0, 0, 0, 1, 0, 0, 0], 0, ([42, 4, 38], [152, 135, 1, 16]), [2, 0, 1], [0, 0]]
['com.perol.asdpl.play.pixivez.libre_118', 1, [1, 1, 1, 1, 1, 1, 1, 0], 0, ([85, 19, 66], [246, 243, 0, 3]), [2, 1, 1], [0, 0]]
['com.example.trigger_404', 1, [1, 1, 0, 1, 1, 0, 0, 0], 0, ([620, 620, 0], [1984, 1759, 0, 225]), [2, 1, 1], [0, 0]]
['fr.gouv.etalab.mastodon_515', 1, [1, 1, 1, 1, 1, 1, 1, 0], 0, ([296, 295, 1], [971, 745, 0, 226]), [3, 1, 2], [0, 0]]
['studio.okcode.open_alert_viewer_170', 1, [1, 1, 0, 1, 1, 0, 0, 0], 0, ([42, 4, 38], [152, 135, 1, 16]), [3, 0, 1], [0, 0]]
['com.poppingmoon.aria_443', 1, [1, 0, 0, 0, 0, 0, 0, 0], 0, ([315, 36, 279], [609, 340, 6, 263]), [3, 0, 1], [0, 0]]
['com.stypox.mastercom_workbook_703', 0, [0, 0, 0, 0, 0, 0, 0, 0], 0, ([0, 0, 0], [0, 0, 0, 0]), [0, 0, 0], [0, 0]]
['fr.free.nrw.commons_1043', 1, [1, 1, 0, 1, 1, 0, 0, 0], 0, ([535, 17, 518], [1023, 693, 0, 330]), [4, 0, 4], [0, 0]]
['com.in.my.district_10303', 0, [0, 0, 0, 0, 0, 0, 0, 0], 0, ([0, 0, 0], [0, 0, 0, 0]), [0, 0, 0], [0, 0]]
['org.transdroid.search_38', 0, [0, 0, 0, 0, 0, 0, 0, 0], 0, ([0, 0, 0], [0, 0, 0, 0]), [0, 0, 0], [0, 0]]
['com.selbie.wrek_9', 0, [0, 0, 0, 0, 0, 0, 0, 0], 0, ([0, 0, 0], [0, 0, 0, 0]), [0, 0, 0], [0, 0]]
['org.dkf.jmule_39', 0, [0, 0, 0, 0, 0, 0, 0, 0], 0, ([0, 0, 0], [0, 0, 0, 0]), [0, 0, 0], [0, 0]]
['ua.gardenapple.itchupdater_20303', 0, [0, 0, 0, 0, 0, 0, 0, 0], 0, ([0, 0, 0], [0, 0, 0, 0]), [0, 0, 0], [0, 0]]
['com.gitlab.schaerphix_tool_nideau.nideau_2', 1, [1, 0, 0, 0, 0, 0, 0, 0], 0, ([52, 43, 9], [146, 141, 0, 5]), [13, 2, 1], [0, 0]]
['com.roozbehzarei.filester_9', 0, [0, 0, 0, 0, 0, 0, 0, 0], 0, ([0, 0, 0], [0, 0, 0, 0]), [0, 0, 0], [0, 0]]
['de.freehamburger_9', 1, [1, 1, 0, 1, 1, 0, 0, 0], 0, ([288, 288, 0], [940, 715, 0, 225]), [1, 0, 1], [0, 0]]
['net.dahanne.android.regalandroid_6', 0, [0, 0, 0, 0, 0, 0, 0, 0], 0, ([0, 0, 0], [0, 0, 0, 0]), [0, 0, 0], [0, 0]]
['aq.com.sharetobrowser_1', 0, [0, 0, 0, 0, 0, 0, 0, 0], 0, ([0, 0, 0], [0, 0, 0, 0]), [0, 0, 0], [0, 0]]
['org.lf_net.pgpunlocker_2017051001', 0, [0, 0, 0, 0, 0, 0, 0, 0], 0, ([0, 0, 0], [0, 0, 0, 0]), [0, 0, 0], [0, 0]]
['io.spaceapi.community.myhackerspace_107', 0, [0, 0, 0, 0, 0, 0, 0, 0], 0, ([0, 0, 0], [0, 0, 0, 0]), [0, 0, 0], [0, 0]]
['ru.evgeniy.dpitunnelcli_3', 1, [1, 1, 0, 1, 1, 0, 0, 0], 0, ([0, 0, 0], [0, 0, 0, 0]), [1, 0, 0], [0, 0]]
['io.github.snd_r.komelia_5', 1, [1, 1, 0, 1, 1, 0, 0, 0], 0, ([92, 8, 84], [239, 203, 0, 36]), [36, 4, 2], [0, 0]]
['com.Sommerlichter.social_3300', 1, [1, 1, 0, 1, 1, 0, 0, 0], 0, ([288, 288, 0], [940, 715, 0, 225]), [1, 0, 1], [0, 0]]
['xyz.pisoj.og.nettools_1', 0, [0, 0, 0, 0, 0, 0, 0, 0], 0, ([0, 0, 0], [0, 0, 0, 0]), [0, 0, 0], [0, 0]]
['geddit.buzl.uk_7', 0, [0, 0, 0, 0, 0, 0, 0, 0], 0, ([0, 0, 0], [0, 0, 0, 0]), [0, 0, 0], [0, 0]]
['com.github.dfa.diaspora_android_46', 0, [0, 0, 0, 0, 0, 0, 0, 0], 0, ([0, 0, 0], [0, 0, 0, 0]), [0, 0, 0], [0, 0]]
['com.labnex.app_300', 1, [1, 1, 0, 1, 1, 0, 0, 0], 0, ([51, 43, 8], [130, 121, 0, 9]), [2, 1, 2], [0, 0]]
['sk.vx.connectbot_30', 1, [0, 0, 1, 1, 0, 0, 0, 0], 0, ([3, 3, 0], [13, 11, 0, 2]), [1, 1, 0], [0, 0]]
['tritop.androidSLWCpuWidget_6', 0, [0, 0, 0, 0, 0, 0, 0, 0], 0, ([0, 0, 0], [0, 0, 0, 0]), [0, 0, 0], [0, 0]]
['com.vitorpamplona.amethyst_404', 1, [1, 1, 1, 1, 1, 1, 1, 0], 0, ([268, 88, 180], [1250, 1137, 0, 113]), [3, 2, 1], [0, 0]]
['org.pacien.tincapp_42', 1, [1, 1, 0, 1, 1, 0, 0, 0], 0, ([0, 0, 0], [0, 0, 0, 0]), [3, 0, 0], [0, 0]]
['de.monocles.chat_18104', 1, [1, 0, 0, 0, 0, 0, 0, 0], 0, ([488, 428, 60], [1557, 1188, 8, 361]), [3, 2, 2], [0, 0]]
['com.davidtakac.bura_16', 1, [1, 1, 0, 1, 1, 0, 0, 0], 0, ([8, 0, 8], [24, 23, 0, 1]), [1, 0, 1], [0, 0]]
['org.sirekanyan.outline_27', 0, [0, 0, 0, 0, 0, 0, 0, 0], 0, ([0, 0, 0], [0, 0, 0, 0]), [0, 0, 0], [0, 0]]
['com.cheogram.android_4205704', 1, [1, 0, 0, 0, 0, 0, 0, 0], 0, ([482, 422, 60], [1522, 1153, 8, 361]), [2, 1, 2], [0, 0]]
['org.surrel.facebooknotifications_13', 0, [0, 0, 0, 0, 0, 0, 0, 0], 0, ([0, 0, 0], [0, 0, 0, 0]), [0, 0, 0], [0, 0]]
['godau.fynn.dsbdirect_43', 1, [1, 1, 0, 1, 1, 0, 0, 0], 0, ([288, 288, 0], [940, 715, 0, 225]), [1, 0, 1], [0, 0]]
['at.bitfire.davdroid_404060003', 1, [1, 1, 0, 1, 1, 0, 0, 0], 0, ([296, 288, 8], [964, 738, 0, 226]), [2, 0, 2], [0, 0]]
['net.programmierecke.radiodroid2_96', 0, [0, 0, 0, 0, 0, 0, 0, 0], 0, ([0, 0, 0], [0, 0, 0, 0]), [0, 0, 0], [0, 0]]
['eu.siacs.conversations_4213104', 1, [1, 0, 0, 0, 0, 0, 0, 0], 0, ([482, 422, 60], [1522, 1153, 8, 361]), [2, 1, 2], [0, 0]]
['li.klass.fhem_141', 0, [0, 0, 0, 0, 0, 0, 0, 0], 0, ([0, 0, 0], [0, 0, 0, 0]), [0, 0, 0], [0, 0]]
['de.stephanlindauer.criticalmaps_48', 0, [0, 0, 0, 0, 0, 0, 0, 0], 0, ([0, 0, 0], [0, 0, 0, 0]), [0, 0, 0], [0, 0]]
['io.kuenzler.whatsappwebtogo_37', 0, [0, 0, 0, 0, 0, 0, 0, 0], 0, ([0, 0, 0], [0, 0, 0, 0]), [0, 0, 0], [0, 0]]
['np.com.binabh.basedcooking_4', 1, [1, 1, 0, 1, 1, 0, 0, 0], 0, ([103, 20, 83], [261, 191, 4, 66]), [3, 0, 1], [0, 0]]
['com.tobykurien.google_news_20', 0, [0, 0, 0, 0, 0, 0, 0, 0], 0, ([0, 0, 0], [0, 0, 0, 0]), [0, 0, 0], [0, 0]]
['eu.dfdx.jslab_1', 0, [0, 0, 0, 0, 0, 0, 0, 0], 0, ([0, 0, 0], [0, 0, 0, 0]), [0, 0, 0], [0, 0]]
['de.jbservices.nc_passwords_app_24', 1, [1, 1, 0, 1, 1, 0, 0, 0], 0, ([38, 4, 34], [143, 127, 1, 15]), [3, 0, 1], [0, 0]]
['com.nunti_20', 1, [1, 1, 0, 1, 1, 0, 0, 0], 0, ([237, 133, 104], [612, 504, 0, 108]), [60, 0, 19], [0, 0]]
['de.tu_darmstadt.seemoo.HardWhere_1', 1, [1, 1, 0, 1, 1, 0, 0, 0], 0, ([286, 286, 0], [924, 702, 0, 222]), [1, 0, 1], [0, 0]]
['io.gresse.hugo.anecdote_23', 0, [0, 0, 0, 0, 0, 0, 0, 0], 0, ([0, 0, 0], [0, 0, 0, 0]), [0, 0, 0], [0, 0]]
['com.github.niqdev.ipcam_322', 1, [1, 1, 0, 1, 1, 0, 0, 0], 0, ([2, 0, 2], [5, 4, 0, 1]), [1, 1, 0], [0, 0]]
['com.viper.simplert_2', 1, [0, 1, 1, 1, 0, 1, 0, 0], 0, ([3, 3, 0], [5, 5, 0, 0]), [1, 1, 1], [0, 0]]
['ca.snoe.deedum_21', 1, [1, 1, 0, 0, 1, 0, 0, 0], 0, ([37, 5, 32], [136, 122, 1, 13]), [2, 0, 1], [0, 0]]
['im.quicksy.client_4213104', 1, [1, 0, 0, 0, 0, 0, 0, 0], 0, ([482, 422, 60], [1522, 1153, 8, 361]), [2, 1, 2], [0, 0]]
['com.pavelsof.wormhole_721201', 1, [0, 1, 0, 0, 0, 0, 0, 0], 0, ([43, 32, 11], [130, 125, 0, 5]), [12, 3, 1], [0, 0]]
['com.dessalines.thumbkey_135', 1, [1, 1, 0, 1, 1, 0, 0, 0], 0, ([8, 0, 8], [24, 23, 0, 1]), [1, 0, 1], [0, 0]]
['ooo.akito.webmon_14', 0, [0, 0, 0, 0, 0, 0, 0, 0], 0, ([0, 0, 0], [0, 0, 0, 0]), [0, 0, 0], [0, 0]]
['com.nextcloud.android.beta_20250131', 1, [1, 1, 0, 1, 1, 0, 0, 0], 0, ([339, 331, 8], [1070, 836, 0, 234]), [3, 1, 3], [0, 0]]
['org.codeberg.quecomet.oshi_4000', 1, [1, 1, 0, 1, 1, 0, 0, 0], 0, ([0, 0, 0], [0, 0, 0, 0]), [1, 1, 0], [0, 0]]
['kuesji.link_eye.fdroid_2', 0, [0, 0, 0, 0, 0, 0, 0, 0], 0, ([0, 0, 0], [0, 0, 0, 0]), [0, 0, 0], [0, 0]]
['com.tharunbirla.fetchit_5', 0, [0, 0, 0, 0, 0, 0, 0, 0], 0, ([0, 0, 0], [0, 0, 0, 0]), [0, 0, 0], [0, 0]]
['org.telegram.messenger_49279', 1, [1, 1, 0, 1, 1, 0, 0, 0], 0, ([416, 251, 165], [1344, 1150, 8, 186]), [1, 1, 1], [0, 0]]
['com.bikodbg.sharetopinboard_7', 0, [0, 0, 0, 0, 0, 0, 0, 0], 0, ([0, 0, 0], [0, 0, 0, 0]), [0, 0, 0], [0, 0]]
['de.felixnuesse.extract_419', 1, [0, 0, 0, 0, 1, 0, 0, 0], 0, ([0, 0, 0], [0, 0, 0, 0]), [2, 1, 0], [0, 0]]
['com.axiel7.anihyou_78', 1, [1, 1, 0, 1, 1, 0, 0, 0], 0, ([8, 0, 8], [24, 23, 0, 1]), [2, 1, 1], [0, 0]]
['de.luhmer.owncloudnewsreader_191', 0, [0, 0, 0, 0, 0, 0, 0, 0], 0, ([0, 0, 0], [0, 0, 0, 0]), [0, 0, 0], [0, 0]]
['com.kidozh.discuzhub.fdroid_48', 0, [0, 0, 0, 0, 0, 0, 0, 0], 0, ([0, 0, 0], [0, 0, 0, 0]), [0, 0, 0], [0, 0]]
['org.itishka.pointim_32', 0, [0, 0, 0, 0, 0, 0, 0, 0], 0, ([0, 0, 0], [0, 0, 0, 0]), [0, 0, 0], [0, 0]]
['se.leap.bitmaskclient_176000', 1, [1, 1, 0, 1, 1, 0, 0, 0], 0, ([439, 335, 104], [1186, 937, 0, 249]), [6, 3, 3], [4, 0]]
['com.pindroid_69', 0, [0, 0, 0, 0, 0, 0, 0, 0], 0, ([0, 0, 0], [0, 0, 0, 0]), [0, 0, 0], [0, 0]]
['com.capyreader.app_1097', 1, [1, 1, 0, 1, 1, 0, 0, 0], 0, ([8, 0, 8], [24, 23, 0, 1]), [1, 0, 1], [0, 0]]
['com.nextcloud.talk2_200010190', 1, [1, 1, 0, 1, 1, 0, 0, 0], 0, ([597, 476, 121], [1847, 1443, 8, 396]), [7, 4, 5], [0, 0]]
['com.streetwriters.notesnook_15189', 1, [0, 0, 0, 0, 1, 0, 0, 0], 0, ([591, 244, 347], [2073, 1805, 0, 268]), [55, 6, 27], [0, 0]]
['com.vadimfrolov.duorem_6', 0, [0, 0, 0, 0, 0, 0, 0, 0], 0, ([0, 0, 0], [0, 0, 0, 0]), [0, 0, 0], [0, 0]]
['net.inbox.pager_21', 1, [1, 1, 0, 1, 1, 0, 0, 0], 0, ([62, 7, 55], [140, 135, 0, 5]), [1, 0, 1], [0, 0]]
['nl.viter.glider_49', 1, [1, 1, 0, 0, 1, 0, 0, 0], 0, ([41, 4, 37], [152, 135, 1, 16]), [2, 0, 1], [0, 0]]
['org.sufficientlysecure.termbot_10905217', 1, [1, 1, 0, 1, 1, 0, 0, 0], 0, ([291, 291, 0], [953, 726, 0, 227]), [2, 1, 1], [0, 0]]
['net.slions.fulguris.full.fdroid_230', 1, [1, 1, 1, 0, 0, 0, 0, 0], 0, ([0, 0, 0], [0, 0, 0, 0]), [1, 1, 0], [0, 0]]
['org.mozilla.fennec_fdroid_1340020', 1, [1, 0, 0, 0, 0, 0, 0, 0], 0, ([230, 131, 99], [782, 656, 1, 125]), [18, 4, 2], [0, 0]]
['free.rm.skytube.oss_53', 0, [0, 0, 0, 0, 0, 0, 0, 0], 0, ([0, 0, 0], [0, 0, 0, 0]), [0, 0, 0], [0, 0]]
['com.biglybt.android.client_1030403', 0, [0, 0, 0, 0, 0, 0, 0, 0], 0, ([0, 0, 0], [0, 0, 0, 0]), [0, 0, 0], [0, 0]]
['org.forkgram.messenger_566308', 1, [1, 0, 0, 0, 0, 0, 0, 0], 0, ([414, 249, 165], [1331, 1141, 8, 182]), [1, 1, 1], [0, 0]]
['host.stjin.anonaddy_355430100', 1, [1, 1, 0, 1, 1, 0, 0, 0], 0, ([8, 0, 8], [24, 23, 0, 1]), [1, 0, 1], [0, 0]]
['xyz.malkki.neostumbler.fdroid_25', 1, [1, 1, 0, 1, 1, 0, 0, 0], 0, ([537, 4, 533], [1010, 684, 0, 326]), [3, 1, 2], [0, 0]]
['org.btcmap_54', 1, [1, 1, 0, 1, 1, 0, 0, 0], 0, ([544, 19, 525], [1030, 705, 0, 325]), [2, 1, 1], [0, 0]]
['de.live.gdev.cherrymusic_14', 0, [0, 0, 0, 0, 0, 0, 0, 0], 0, ([0, 0, 0], [0, 0, 0, 0]), [0, 0, 0], [0, 0]]
['com.leastauthority.destiny_344', 1, [0, 0, 0, 0, 1, 0, 0, 0], 0, ([38, 4, 34], [143, 127, 1, 15]), [5, 0, 1], [0, 0]]
['com.imcys.bilibilias_207', 1, [1, 0, 0, 0, 1, 0, 0, 0], 0, ([101, 20, 81], [264, 262, 0, 2]), [5, 2, 4], [0, 0]]
['headrevision.BehatReporter_5', 0, [0, 0, 0, 0, 0, 0, 0, 0], 0, ([0, 0, 0], [0, 0, 0, 0]), [0, 0, 0], [0, 0]]
['nl.patrickkostjens.kandroid_20', 0, [0, 0, 0, 0, 0, 0, 0, 0], 0, ([0, 0, 0], [0, 0, 0, 0]), [0, 0, 0], [0, 0]]
['org.freshrss.easyrss_706', 0, [0, 0, 0, 0, 0, 0, 0, 0], 0, ([0, 0, 0], [0, 0, 0, 0]), [0, 0, 0], [0, 0]]
['com.stoutner.privacybrowser.standard_78', 0, [0, 0, 0, 0, 0, 0, 0, 0], 0, ([0, 0, 0], [0, 0, 0, 0]), [0, 0, 0], [0, 0]]
['slowscript.warpinator_1071', 1, [1, 1, 0, 1, 1, 0, 0, 0], 0, ([288, 288, 0], [940, 715, 0, 225]), [1, 0, 1], [0, 0]]
['com.github.livingwithhippos.unchained_49', 1, [1, 1, 0, 1, 1, 0, 0, 0], 0, ([0, 0, 0], [0, 0, 0, 0]), [1, 1, 0], [0, 0]]
['liou.rayyuan.ebooksearchtaiwan_1922210103', 0, [0, 0, 0, 0, 0, 0, 0, 0], 0, ([0, 0, 0], [0, 0, 0, 0]), [0, 0, 0], [0, 0]]
['org.openttd.fdroid_1410128', 1, [1, 1, 0, 1, 1, 0, 0, 0], 0, ([54, 43, 11], [172, 172, 0, 0]), [12, 4, 2], [0, 0]]
['dev.theolm.wwc_25', 1, [1, 1, 0, 1, 1, 0, 0, 0], 0, ([12, 0, 12], [32, 31, 0, 1]), [2, 1, 1], [0, 0]]
['cf.theonewiththebraid.guerrilla_mail_6', 1, [1, 1, 0, 0, 1, 0, 0, 0], 0, ([36, 5, 31], [134, 120, 1, 13]), [2, 0, 1], [0, 0]]
['com.zulipmobile_232', 1, [1, 1, 0, 1, 1, 0, 0, 0], 0, ([244, 135, 109], [603, 500, 0, 103]), [53, 0, 15], [0, 0]]
['de.sigfood_26', 0, [0, 0, 0, 0, 0, 0, 0, 0], 0, ([0, 0, 0], [0, 0, 0, 0]), [0, 0, 0], [0, 0]]
['org.fsociety.vernet_32', 1, [1, 1, 0, 0, 1, 0, 0, 0], 0, ([41, 4, 37], [151, 134, 1, 16]), [2, 0, 1], [0, 0]]
['ru.gelin.android.browser.open_8', 0, [0, 0, 0, 0, 0, 0, 0, 0], 0, ([0, 0, 0], [0, 0, 0, 0]), [0, 0, 0], [0, 0]]
['it.niedermann.nextcloud.tables_2000002', 1, [1, 1, 0, 1, 1, 0, 0, 0], 0, ([8, 0, 8], [24, 23, 0, 1]), [1, 0, 1], [0, 0]]
['kr.softgear.multiping_11', 0, [0, 0, 0, 0, 0, 0, 0, 0], 0, ([0, 0, 0], [0, 0, 0, 0]), [0, 0, 0], [0, 0]]
['it.niedermann.nextcloud.deck_1024005', 1, [1, 1, 0, 1, 1, 0, 0, 0], 0, ([15, 7, 8], [104, 78, 0, 26]), [3, 2, 1], [0, 0]]
['ltd.evilcorp.atox_14', 1, [1, 1, 0, 1, 1, 0, 0, 0], 0, ([42, 42, 0], [144, 144, 0, 0]), [1, 1, 1], [0, 0]]
['d.d.meshenger_443', 1, [1, 1, 0, 1, 1, 0, 0, 0], 0, ([518, 464, 54], [1595, 1454, 8, 133]), [2, 2, 1], [0, 0]]
['com.julij.arsovreme_2', 0, [0, 0, 0, 0, 0, 0, 0, 0], 0, ([0, 0, 0], [0, 0, 0, 0]), [0, 0, 0], [0, 0]]
['io.gitlab.selosh.gametrader_1', 1, [1, 1, 0, 0, 1, 0, 0, 0], 0, ([41, 4, 37], [152, 135, 1, 16]), [2, 0, 1], [0, 0]]
['org.openhab.habdroid.beta_562', 0, [0, 0, 0, 0, 0, 0, 0, 0], 0, ([0, 0, 0], [0, 0, 0, 0]), [0, 0, 0], [0, 0]]
['cz.martykan.webtube_17', 0, [0, 0, 0, 0, 0, 0, 0, 0], 0, ([0, 0, 0], [0, 0, 0, 0]), [0, 0, 0], [0, 0]]
['tech.lolli.toolbox_11043', 1, [1, 0, 0, 0, 0, 0, 0, 0], 0, ([46, 9, 37], [216, 179, 1, 36]), [3, 1, 1], [0, 0]]
['org.vi_server.androidudpbus_1', 1, [1, 1, 0, 0, 0, 0, 0, 0], 0, ([6, 6, 0], [13, 13, 0, 0]), [1, 1, 0], [0, 0]]
['com.csmarosi.wifiautoff_4', 0, [0, 0, 0, 0, 0, 0, 0, 0], 0, ([0, 0, 0], [0, 0, 0, 0]), [0, 0, 0], [0, 0]]
['space.rocketnine.xenia_16', 1, [1, 1, 0, 1, 1, 0, 0, 0], 0, ([27, 20, 7], [48, 40, 0, 8]), [1, 1, 0], [0, 0]]
['com.livefast.eattrash.raccoonforfriendica_74', 1, [1, 1, 0, 1, 1, 0, 0, 0], 0, ([39, 31, 8], [108, 105, 0, 3]), [4, 2, 1], [0, 0]]
['de.freifunk_karte.freifunk_karte_1501', 0, [0, 0, 0, 0, 0, 0, 0, 0], 0, ([0, 0, 0], [0, 0, 0, 0]), [0, 0, 0], [0, 0]]
['org.sparkleshare.android_1', 0, [0, 0, 0, 0, 0, 0, 0, 0], 0, ([0, 0, 0], [0, 0, 0, 0]), [0, 0, 0], [0, 0]]
['com.nima.wikianime_2', 0, [0, 0, 0, 0, 0, 0, 0, 0], 0, ([0, 0, 0], [0, 0, 0, 0]), [0, 0, 0], [0, 0]]
['eu.faircode.email_2262', 1, [1, 1, 0, 1, 1, 0, 0, 0], 0, ([11, 10, 1], [22, 18, 0, 4]), [1, 1, 0], [0, 0]]
['com.gmail.anubhavdas54.whatsdeleted_5', 0, [0, 0, 0, 0, 0, 0, 0, 0], 0, ([0, 0, 0], [0, 0, 0, 0]), [0, 0, 0], [0, 0]]
['com.malek.alldebrid_1', 0, [0, 0, 0, 0, 0, 0, 0, 0], 0, ([0, 0, 0], [0, 0, 0, 0]), [0, 0, 0], [0, 0]]
['anonvpn.anon_next.android_22', 0, [0, 0, 0, 0, 0, 0, 0, 0], 0, ([21, 15, 6], [27, 27, 0, 0]), [0, 0, 0], [0, 0]]
['com.kanedias.holywarsoo_310000', 1, [1, 1, 0, 1, 1, 0, 0, 0], 0, ([1, 0, 1], [2, 2, 0, 0]), [1, 1, 0], [0, 0]]
['com.databag_1021004', 1, [0, 0, 0, 0, 1, 0, 0, 0], 0, ([580, 365, 215], [1573, 1317, 8, 248]), [62, 3, 19], [0, 0]]
['com.nltechno.dolidroidpro_63', 0, [0, 0, 0, 0, 0, 0, 0, 0], 0, ([0, 0, 0], [0, 0, 0, 0]), [0, 0, 0], [0, 0]]
['de.circle_dev.flux_news_2024092313', 1, [1, 0, 0, 0, 0, 0, 0, 0], 0, ([169, 129, 40], [580, 509, 5, 66]), [4, 1, 2], [0, 0]]
['com.passcard_6', 0, [0, 0, 0, 0, 0, 0, 0, 0], 0, ([0, 0, 0], [0, 0, 0, 0]), [0, 0, 0], [0, 0]]
['org.disroot.disrootapp_33', 0, [0, 0, 0, 0, 0, 0, 0, 0], 0, ([0, 0, 0], [0, 0, 0, 0]), [0, 0, 0], [0, 0]]
['com.asdoi.mebis_150', 0, [0, 0, 0, 0, 0, 0, 0, 0], 0, ([0, 0, 0], [0, 0, 0, 0]), [0, 0, 0], [0, 0]]
['pw.thedrhax.mosmetro_77', 0, [0, 0, 0, 0, 0, 0, 0, 0], 0, ([0, 0, 0], [0, 0, 0, 0]), [0, 0, 0], [0, 0]]
['com.nima.demomusix_1', 0, [0, 0, 0, 0, 0, 0, 0, 0], 0, ([0, 0, 0], [0, 0, 0, 0]), [0, 0, 0], [0, 0]]
['be.bhasher.mobileinpact_12', 1, [1, 1, 0, 0, 1, 0, 0, 0], 0, ([38, 4, 34], [143, 127, 1, 15]), [2, 0, 1], [0, 0]]
['page.ooooo.geoshare_12', 1, [1, 1, 0, 1, 1, 0, 0, 0], 0, ([8, 0, 8], [24, 23, 0, 1]), [2, 1, 1], [0, 0]]
['InfinityLoop1309.NewPipeEnhanced_106404', 1, [1, 0, 0, 0, 0, 0, 0, 0], 0, ([229, 46, 183], [412, 205, 5, 202]), [11, 2, 2], [0, 0]]
['be.mygod.vpnhotspot_foss_1032', 1, [1, 1, 0, 1, 1, 0, 0, 0], 0, ([1, 0, 1], [4, 4, 0, 0]), [1, 1, 0], [0, 0]]
['de.marmaro.krt.ffupdater_177', 1, [1, 1, 0, 1, 1, 0, 0, 0], 0, ([8, 0, 8], [24, 23, 0, 1]), [1, 0, 1], [0, 0]]
['net.daverix.urlforward_13', 0, [0, 0, 0, 0, 0, 0, 0, 0], 0, ([0, 0, 0], [0, 0, 0, 0]), [0, 0, 0], [0, 0]]
['com.github.gotify_32', 0, [0, 0, 0, 0, 0, 0, 0, 0], 0, ([0, 0, 0], [0, 0, 0, 0]), [0, 0, 0], [0, 0]]
['org.transdroid.full_245', 0, [0, 0, 0, 0, 0, 0, 0, 0], 0, ([0, 0, 0], [0, 0, 0, 0]), [0, 0, 0], [0, 0]]
['fr.nanoy.dinomail_app_4', 1, [1, 1, 0, 0, 1, 0, 0, 0], 0, ([35, 4, 31], [129, 115, 1, 13]), [2, 0, 1], [0, 0]]
['com.stealthcotper.networktools_20', 0, [0, 0, 0, 0, 0, 0, 0, 0], 0, ([0, 0, 0], [0, 0, 0, 0]), [0, 0, 0], [0, 0]]
['nl.asymmetrics.droidshows_71110', 0, [0, 0, 0, 0, 0, 0, 0, 0], 0, ([0, 0, 0], [0, 0, 0, 0]), [0, 0, 0], [0, 0]]
['org.schabi.nxbookmarks_24', 0, [0, 0, 0, 0, 0, 0, 0, 0], 0, ([0, 0, 0], [0, 0, 0, 0]), [0, 0, 0], [0, 0]]
['biz.binarysolutions.weatherusa_26', 0, [0, 0, 0, 0, 0, 0, 0, 0], 0, ([0, 0, 0], [0, 0, 0, 0]), [0, 0, 0], [0, 0]]
['com.github.samotari.cryptoterminal_10500', 0, [0, 0, 0, 0, 0, 0, 0, 0], 0, ([0, 0, 0], [0, 0, 0, 0]), [0, 0, 0], [0, 0]]
['org.akvo.rsr.up_36', 0, [0, 0, 0, 0, 0, 0, 0, 0], 0, ([0, 0, 0], [0, 0, 0, 0]), [0, 0, 0], [0, 0]]
['de.baumann.browser_149', 0, [0, 0, 0, 0, 0, 0, 0, 0], 0, ([0, 0, 0], [0, 0, 0, 0]), [0, 0, 0], [0, 0]]
['com.polipoid_6', 0, [0, 0, 0, 0, 0, 0, 0, 0], 0, ([0, 0, 0], [0, 0, 0, 0]), [0, 0, 0], [4, 0]]
['com.dosse.speedtest_9', 0, [0, 0, 0, 0, 0, 0, 0, 0], 0, ([0, 0, 0], [0, 0, 0, 0]), [0, 0, 0], [0, 0]]
['org.joinmastodon.android_133', 0, [0, 0, 0, 0, 0, 0, 0, 0], 0, ([0, 0, 0], [0, 0, 0, 0]), [0, 0, 0], [0, 0]]
['com.luk.saucenao_26', 1, [1, 1, 0, 1, 1, 0, 0, 0], 0, ([8, 0, 8], [24, 23, 0, 1]), [1, 0, 1], [0, 0]]
['app.fedilab.nitterizemelite_33', 0, [0, 0, 0, 0, 0, 0, 0, 0], 0, ([0, 0, 0], [0, 0, 0, 0]), [0, 0, 0], [0, 0]]
['pw.faraday.faraday_401010804', 1, [0, 0, 0, 0, 1, 0, 0, 0], 0, ([1693, 786, 907], [4473, 3806, 8, 659]), [70, 7, 23], [0, 0]]
['app.weatheroverview_1', 0, [0, 0, 0, 0, 0, 0, 0, 0], 0, ([0, 0, 0], [0, 0, 0, 0]), [0, 0, 0], [0, 0]]
['org.woheller69.browser_3000', 0, [0, 0, 0, 0, 0, 0, 0, 0], 0, ([0, 0, 0], [0, 0, 0, 0]), [0, 0, 0], [0, 0]]
['com.github.andreyasadchy.xtra_274', 1, [1, 1, 0, 1, 1, 0, 0, 0], 0, ([10, 3, 7], [25, 16, 0, 9]), [1, 0, 1], [0, 0]]
['com.bernaferrari.changedetection_32', 0, [0, 0, 0, 0, 0, 0, 0, 0], 0, ([0, 0, 0], [0, 0, 0, 0]), [0, 0, 0], [0, 0]]
['com.github.metacubex.clash.meta_211005', 1, [1, 1, 0, 1, 1, 0, 0, 0], 0, ([29, 0, 29], [65, 59, 0, 6]), [2, 1, 1], [0, 0]]
['com.elfeedcljsrn_10', 1, [1, 1, 0, 1, 1, 0, 0, 0], 0, ([237, 136, 101], [609, 500, 0, 109]), [54, 0, 15], [0, 0]]
['com.etesync.notes_10700', 1, [1, 1, 0, 1, 1, 0, 0, 0], 0, ([244, 187, 57], [632, 561, 0, 71]), [22, 1, 11], [0, 0]]
['io.mainframe.hacs_83', 0, [0, 0, 0, 0, 0, 0, 0, 0], 0, ([0, 0, 0], [0, 0, 0, 0]), [0, 0, 0], [0, 0]]
['net.nymtech.nymvpn_11800', 1, [1, 1, 1, 1, 1, 1, 1, 0], 0, ([77, 69, 8], [340, 274, 0, 66]), [5, 2, 2], [0, 0]]
['dnsfilter.android_1505600', 0, [0, 0, 0, 0, 0, 0, 0, 0], 0, ([0, 0, 0], [0, 0, 0, 0]), [0, 0, 0], [0, 0]]
['org.quantumbadger.redreader_114', 1, [1, 1, 0, 1, 1, 0, 0, 0], 0, ([117, 107, 10], [309, 288, 0, 21]), [1, 1, 0], [0, 0]]
['com.prof18.feedflow_1012', 1, [1, 1, 0, 1, 1, 0, 0, 0], 0, ([8, 0, 8], [24, 23, 0, 1]), [1, 0, 1], [0, 0]]
['com.MarcosDiez.shareviahttp_36', 0, [0, 0, 0, 0, 0, 0, 0, 0], 0, ([0, 0, 0], [0, 0, 0, 0]), [0, 0, 0], [0, 0]]
['net.mullvad.mullvadvpn_24090099', 1, [1, 1, 0, 1, 1, 0, 0, 0], 0, ([14, 0, 14], [44, 41, 0, 3]), [3, 1, 1], [0, 0]]
['com.github.mdeluise.plantit_9', 1, [1, 1, 0, 0, 1, 0, 0, 0], 0, ([103, 23, 80], [263, 182, 5, 76]), [2, 0, 1], [0, 0]]
['com.dfa.hubzilla_android_46', 0, [0, 0, 0, 0, 0, 0, 0, 0], 0, ([0, 0, 0], [0, 0, 0, 0]), [0, 0, 0], [0, 0]]
['com.flxrs.dankchat_31000', 0, [0, 0, 0, 0, 0, 0, 0, 0], 0, ([0, 0, 0], [0, 0, 0, 0]), [0, 0, 0], [0, 0]]
['com.glitterware.passy_19', 1, [1, 1, 0, 1, 1, 0, 0, 0], 0, ([41, 4, 37], [152, 135, 1, 16]), [3, 0, 1], [0, 0]]
['com.example.ismael.downloadfilesweb_1', 0, [0, 0, 0, 0, 0, 0, 0, 0], 0, ([0, 0, 0], [0, 0, 0, 0]), [0, 0, 0], [0, 0]]
['im.narayana.another_204', 1, [1, 0, 0, 0, 0, 0, 0, 0], 0, ([486, 426, 60], [1543, 1177, 8, 358]), [3, 2, 2], [0, 0]]
['com.unprompted.tildefriends.fdroid_32', 1, [1, 1, 0, 1, 1, 0, 0, 0], 0, ([2, 2, 0], [7, 6, 0, 1]), [1, 0, 1], [0, 0]]
['org.seamapdroid_32', 0, [0, 0, 0, 0, 0, 0, 0, 0], 0, ([0, 0, 0], [0, 0, 0, 0]), [0, 0, 0], [0, 0]]
['org.savapage.android.print_1', 0, [0, 0, 0, 0, 0, 0, 0, 0], 0, ([0, 0, 0], [0, 0, 0, 0]), [0, 0, 0], [0, 0]]
['com.app.equran_123', 1, [1, 0, 0, 0, 0, 0, 0, 0], 0, ([126, 25, 101], [311, 208, 5, 98]), [2, 0, 1], [0, 0]]
['org.vinaygopinath.launchchat_4', 0, [0, 0, 0, 0, 0, 0, 0, 0], 0, ([0, 0, 0], [0, 0, 0, 0]), [0, 0, 0], [0, 0]]
['com.sakethh.linkora_32', 0, [0, 0, 0, 0, 0, 0, 0, 0], 0, ([0, 0, 0], [0, 0, 0, 0]), [0, 0, 0], [0, 0]]
['ch.protonvpn.android_605082402', 1, [1, 1, 0, 1, 1, 0, 0, 0], 0, ([594, 189, 405], [1264, 968, 0, 296]), [14, 8, 3], [4, 0]]
['com.sobuumedia.sobuu_5', 1, [1, 1, 0, 1, 1, 0, 0, 0], 0, ([24, 16, 8], [70, 69, 0, 1]), [2, 1, 1], [0, 0]]
['com.yozachar.apps.soundcraftmixer_7', 0, [0, 0, 0, 0, 0, 0, 0, 0], 0, ([0, 0, 0], [0, 0, 0, 0]), [0, 0, 0], [0, 0]]
['fr.guillaumevillena.opendnsupdater_224', 0, [0, 0, 0, 0, 0, 0, 0, 0], 0, ([0, 0, 0], [0, 0, 0, 0]), [0, 0, 0], [0, 0]]
['org.pixeldroid.app_3904', 1, [0, 0, 0, 0, 1, 0, 0, 0], 0, ([23, 23, 0], [83, 71, 0, 12]), [12, 4, 2], [0, 0]]
['free.rm.skytube.legacy.oss_53', 0, [0, 0, 0, 0, 0, 0, 0, 0], 0, ([0, 0, 0], [0, 0, 0, 0]), [0, 0, 0], [0, 0]]
['com.ivanvolosyuk.sharetobrowser_7', 0, [0, 0, 0, 0, 0, 0, 0, 0], 0, ([0, 0, 0], [0, 0, 0, 0]), [0, 0, 0], [0, 0]]
['de.monocles.mail_12', 0, [0, 0, 0, 0, 0, 0, 0, 0], 0, ([0, 0, 0], [0, 0, 0, 0]), [0, 0, 0], [0, 0]]
['de.monocles.browser_13', 0, [0, 0, 0, 0, 0, 0, 0, 0], 0, ([0, 0, 0], [0, 0, 0, 0]), [0, 0, 0], [0, 0]]
['org.equeim.tremotesf_4059', 0, [0, 0, 0, 0, 0, 0, 0, 0], 0, ([0, 0, 0], [0, 0, 0, 0]), [0, 0, 0], [0, 0]]
['au.com.wallaceit.reddinator_68', 0, [0, 0, 0, 0, 0, 0, 0, 0], 0, ([0, 0, 0], [0, 0, 0, 0]), [0, 0, 0], [0, 0]]
['de.csicar.ning_201', 0, [0, 0, 0, 0, 0, 0, 0, 0], 0, ([0, 0, 0], [0, 0, 0, 0]), [0, 0, 0], [0, 0]]
['com.governikus.ausweisapp2_168', 1, [1, 0, 0, 0, 0, 0, 0, 0], 0, ([114, 103, 11], [307, 283, 0, 24]), [45, 3, 4], [0, 0]]
['me.zhanghai.android.untracker_7', 1, [1, 1, 0, 1, 1, 0, 0, 0], 0, ([12, 1, 11], [36, 32, 0, 4]), [2, 1, 1], [0, 0]]
['org.purple.smoke_20240625', 0, [0, 0, 0, 0, 0, 0, 0, 0], 0, ([0, 0, 0], [0, 0, 0, 0]), [0, 0, 0], [0, 0]]
['mobi.meddle.wehe_47', 0, [0, 0, 0, 0, 0, 0, 0, 0], 0, ([0, 0, 0], [0, 0, 0, 0]), [0, 0, 0], [0, 0]]
['org.strongswan.android_84', 1, [1, 1, 0, 1, 1, 0, 0, 0], 0, ([7, 2, 5], [18, 17, 0, 1]), [8, 1, 1], [0, 0]]
['com.owncloud.android_44000100', 0, [0, 0, 0, 0, 0, 0, 0, 0], 0, ([0, 0, 0], [0, 0, 0, 0]), [0, 0, 0], [0, 0]]
['co.prestosole.clima_203', 1, [1, 0, 0, 0, 0, 0, 0, 0], 0, ([41, 4, 37], [151, 134, 1, 16]), [2, 0, 1], [0, 0]]
['com.vuze.android.remote_82', 0, [0, 0, 0, 0, 0, 0, 0, 0], 0, ([8, 8, 0], [21, 20, 0, 1]), [0, 0, 0], [0, 0]]
['com.isanexusdev.androidcpg_6', 0, [0, 0, 0, 0, 0, 0, 0, 0], 0, ([0, 0, 0], [0, 0, 0, 0]), [0, 0, 0], [0, 0]]
['ch.famoser.mensa_29', 0, [0, 0, 0, 0, 0, 0, 0, 0], 0, ([0, 0, 0], [0, 0, 0, 0]), [0, 0, 0], [0, 0]]
['com.rocket9labs.boxcars_104070', 1, [1, 1, 0, 1, 1, 0, 0, 0], 0, ([28, 24, 4], [65, 61, 0, 4]), [1, 1, 1], [0, 0]]
['io.github.kkoshin.muse_2', 1, [1, 0, 0, 0, 0, 0, 0, 0], 0, ([15, 7, 8], [84, 83, 0, 1]), [4, 1, 2], [0, 0]]
['org.freedombox.freedombox_9', 0, [0, 0, 0, 0, 0, 0, 0, 0], 0, ([0, 0, 0], [0, 0, 0, 0]), [0, 0, 0], [0, 0]]
['com.tutpro.baresip.plus_191', 1, [1, 1, 0, 0, 0, 0, 0, 0], 0, ([106, 0, 106], [260, 259, 0, 1]), [9, 1, 1], [0, 0]]
['cc.kafuu.bilidownload_20105', 1, [1, 1, 0, 1, 1, 0, 0, 0], 0, ([18, 18, 0], [29, 29, 0, 0]), [10, 2, 2], [0, 0]]
['com.unwind.networkmonitor_1', 0, [0, 0, 0, 0, 0, 0, 0, 0], 0, ([0, 0, 0], [0, 0, 0, 0]), [0, 0, 0], [0, 0]]
['fr.jnda.android.ipcalc_1723925494', 0, [0, 0, 0, 0, 0, 0, 0, 0], 0, ([0, 0, 0], [0, 0, 0, 0]), [0, 0, 0], [0, 0]]
['com.akansh.fileserversuit_32', 1, [1, 1, 1, 1, 1, 1, 1, 0], 0, ([0, 0, 0], [0, 0, 0, 0]), [1, 1, 0], [0, 0]]
['com.etesync.syncadapter_20404', 1, [1, 1, 0, 1, 1, 0, 0, 0], 0, ([464, 464, 0], [1425, 1152, 0, 273]), [2, 1, 2], [0, 0]]
['io.heckel.ntfy_32', 0, [0, 0, 0, 0, 0, 0, 0, 0], 0, ([0, 0, 0], [0, 0, 0, 0]), [0, 0, 0], [0, 0]]
['town.robin.toadua_9', 0, [0, 0, 0, 0, 0, 0, 0, 0], 0, ([0, 0, 0], [0, 0, 0, 0]), [0, 0, 0], [0, 0]]
['com.asdoi.gymwen_145', 0, [0, 0, 0, 0, 0, 0, 0, 0], 0, ([165, 18, 147], [321, 127, 9, 185]), [0, 0, 0], [0, 0]]
['be.ugent.zeus.hydra.open_37400', 1, [1, 1, 0, 1, 1, 0, 0, 0], 0, ([0, 0, 0], [0, 0, 0, 0]), [1, 1, 0], [0, 0]]
['de.blinkt.openvpn_209', 1, [1, 1, 0, 1, 1, 0, 0, 0], 0, ([457, 457, 0], [1538, 1143, 0, 395]), [6, 4, 1], [4, 0]]
['com.alovoa.expo_36', 1, [1, 1, 0, 1, 1, 0, 0, 0], 0, ([338, 142, 196], [828, 667, 0, 161]), [57, 0, 18], [0, 0]]
['com.plexer0.nitter_11', 0, [0, 0, 0, 0, 0, 0, 0, 0], 0, ([0, 0, 0], [0, 0, 0, 0]), [0, 0, 0], [0, 0]]
['fr.gaulupeau.apps.InThePoche_233', 1, [1, 1, 0, 1, 1, 0, 0, 0], 0, ([288, 288, 0], [940, 715, 0, 225]), [1, 0, 1], [0, 0]]
['fr.mobdev.goblim_11', 0, [0, 0, 0, 0, 0, 0, 0, 0], 0, ([0, 0, 0], [0, 0, 0, 0]), [0, 0, 0], [0, 0]]
['corewala.gemini.buran_13', 0, [0, 0, 0, 0, 0, 0, 0, 0], 0, ([0, 0, 0], [0, 0, 0, 0]), [0, 0, 0], [0, 0]]
['org.developfreedom.logmein_62', 0, [0, 0, 0, 0, 0, 0, 0, 0], 0, ([0, 0, 0], [0, 0, 0, 0]), [0, 0, 0], [0, 0]]
['org.shirakumo.ocelot_5', 0, [0, 0, 0, 0, 0, 0, 0, 0], 0, ([0, 0, 0], [0, 0, 0, 0]), [0, 0, 0], [0, 0]]
['tk.giesecke.painlessmesh_14', 0, [0, 0, 0, 0, 0, 0, 0, 0], 0, ([0, 0, 0], [0, 0, 0, 0]), [0, 0, 0], [0, 0]]
['com.drnoob.datamonitor_29', 1, [1, 1, 0, 1, 1, 0, 0, 0], 0, ([124, 29, 95], [208, 99, 4, 105]), [1, 1, 0], [0, 0]]
['de.kaffeemitkoffein.tinyweatherforecastgermany_54', 0, [0, 0, 0, 0, 0, 0, 0, 0], 0, ([0, 0, 0], [0, 0, 0, 0]), [0, 0, 0], [0, 0]]
['it.davquar.halfdot_83', 1, [1, 0, 0, 0, 0, 0, 0, 0], 0, ([39, 4, 35], [145, 129, 1, 15]), [2, 0, 1], [0, 0]]
['cz.martykan.forecastie_74', 0, [0, 0, 0, 0, 0, 0, 0, 0], 0, ([0, 0, 0], [0, 0, 0, 0]), [0, 0, 0], [0, 0]]
['com.oakley.fon_152', 0, [0, 0, 0, 0, 0, 0, 0, 0], 0, ([0, 0, 0], [0, 0, 0, 0]), [0, 0, 0], [0, 0]]
['org.cryptomator.lite_2971', 0, [0, 0, 0, 0, 0, 0, 0, 0], 0, ([19, 0, 19], [92, 70, 0, 22]), [0, 0, 0], [0, 0]]
['com.torrents_csv_android_22', 1, [1, 1, 0, 1, 1, 0, 0, 0], 0, ([8, 0, 8], [24, 23, 0, 1]), [1, 0, 1], [0, 0]]
['com.android.adbkeyboard_2', 0, [0, 0, 0, 0, 0, 0, 0, 0], 0, ([0, 0, 0], [0, 0, 0, 0]), [0, 0, 0], [0, 0]]
['com.github.xfalcon.vhosts_42', 0, [0, 0, 0, 0, 0, 0, 0, 0], 0, ([0, 0, 0], [0, 0, 0, 0]), [0, 0, 0], [0, 0]]
['com.kolloware.hypezigapp_22', 0, [0, 0, 0, 0, 0, 0, 0, 0], 0, ([0, 0, 0], [0, 0, 0, 0]), [0, 0, 0], [0, 0]]
['oss.krtirtho.spotube_38', 1, [1, 1, 0, 1, 1, 0, 0, 0], 0, ([46, 9, 37], [161, 142, 2, 17]), [8, 1, 1], [0, 0]]
['be.casperverswijvelt.unifiedinternetqs_3010001', 1, [1, 1, 0, 1, 1, 0, 0, 0], 0, ([8, 0, 8], [24, 23, 0, 1]), [2, 1, 1], [0, 0]]
['ie.equalit.ceno_2016000818', 1, [1, 0, 0, 0, 0, 0, 0, 0], 0, ([317, 209, 108], [1079, 887, 5, 187]), [24, 5, 1], [0, 0]]
['com.io7m.exfilac.main_1104', 1, [1, 0, 1, 1, 1, 0, 0, 0], 0, ([61, 0, 61], [165, 146, 0, 19]), [1, 1, 1], [0, 0]]
['org.outline.android.client_43', 1, [1, 1, 0, 1, 1, 0, 0, 0], 0, ([36, 17, 19], [58, 48, 0, 10]), [3, 2, 0], [0, 0]]
['ai.susi_16', 1, [1, 1, 0, 1, 1, 1, 0, 0], 0, ([405, 238, 167], [1403, 1361, 0, 42]), [1, 1, 1], [0, 0]]
['co.loubo.icicle_4', 0, [0, 0, 0, 0, 0, 0, 0, 0], 0, ([0, 0, 0], [0, 0, 0, 0]), [0, 0, 0], [0, 0]]
['com.concept1tech.instalate_13', 0, [0, 0, 0, 0, 0, 0, 0, 0], 0, ([0, 0, 0], [0, 0, 0, 0]), [0, 0, 0], [0, 0]]
['dev.clombardo.dnsnet_29', 1, [1, 1, 0, 1, 1, 0, 0, 0], 0, ([8, 0, 8], [24, 23, 0, 1]), [1, 0, 1], [0, 0]]
['timur.webrtc.check_10', 0, [0, 0, 0, 0, 0, 0, 0, 0], 0, ([0, 0, 0], [0, 0, 0, 0]), [0, 0, 0], [0, 0]]
['com.coboltforge.dontmind.multivnc_101', 1, [1, 1, 0, 1, 1, 0, 0, 0], 0, ([12, 1, 11], [34, 34, 0, 0]), [2, 2, 1], [0, 0]]
['de.jugendhacker.xmppadmin_1', 0, [0, 0, 0, 0, 0, 0, 0, 0], 0, ([0, 0, 0], [0, 0, 0, 0]), [0, 0, 0], [0, 0]]
['com.blazecode.tsviewer_11', 0, [0, 0, 0, 0, 0, 0, 0, 0], 0, ([0, 0, 0], [0, 0, 0, 0]), [0, 0, 0], [0, 0]]
['com.xabber.android_644', 1, [1, 1, 0, 1, 1, 1, 0, 0], 0, ([311, 113, 198], [1031, 1013, 0, 18]), [1, 1, 1], [0, 0]]
['com.a10miaomiao.bilimiao_107', 1, [1, 1, 1, 1, 1, 0, 0, 0], 0, ([98, 53, 45], [227, 210, 1, 16]), [4, 3, 2], [0, 0]]
['org.wikipedia_50517', 1, [1, 1, 0, 1, 1, 0, 0, 0], 0, ([537, 4, 533], [1010, 684, 0, 326]), [2, 0, 2], [0, 0]]
['szelok.app.twister_1', 0, [0, 0, 0, 0, 0, 0, 0, 0], 0, ([0, 0, 0], [0, 0, 0, 0]), [0, 0, 0], [0, 0]]
['app.vger.voyager_458', 0, [0, 0, 0, 0, 0, 0, 0, 0], 0, ([0, 0, 0], [0, 0, 0, 0]), [0, 0, 0], [0, 0]]
['com.github.dyhkwong.sagernet_969', 1, [1, 0, 0, 0, 0, 0, 0, 0], 0, ([187, 49, 138], [404, 351, 0, 53]), [4, 4, 0], [0, 0]]
['com.danhasting.radar_6', 0, [0, 0, 0, 0, 0, 0, 0, 0], 0, ([0, 0, 0], [0, 0, 0, 0]), [0, 0, 0], [0, 0]]
['com.akdev.nofbeventscraper_15', 0, [0, 0, 0, 0, 0, 0, 0, 0], 0, ([0, 0, 0], [0, 0, 0, 0]), [0, 0, 0], [0, 0]]
['de.phasenrauscher.bicyweather_2', 0, [0, 0, 0, 0, 0, 0, 0, 0], 0, ([0, 0, 0], [0, 0, 0, 0]), [0, 0, 0], [0, 0]]
['org.kost.nmap.android.networkmapper_8', 0, [0, 0, 0, 0, 0, 0, 0, 0], 0, ([0, 0, 0], [0, 0, 0, 0]), [0, 0, 0], [0, 0]]
['com.theripper.cb_app_1', 1, [1, 1, 0, 0, 1, 0, 0, 0], 0, ([133, 23, 110], [315, 212, 5, 98]), [2, 0, 1], [0, 0]]
['net.phbwt.paperwork_1002000', 1, [1, 1, 0, 1, 1, 0, 0, 0], 0, ([8, 0, 8], [24, 23, 0, 1]), [2, 1, 1], [0, 0]]
['com.wire_100058708', 1, [1, 1, 0, 0, 1, 0, 0, 0], 0, ([191, 133, 58], [725, 614, 6, 105]), [11, 4, 5], [0, 0]]
['com.infomaniak.mail_10700101', 1, [1, 1, 0, 1, 1, 0, 0, 0], 0, ([425, 413, 12], [1431, 1216, 0, 215]), [5, 3, 2], [0, 0]]
['net.gsantner.dandelior_46', 0, [0, 0, 0, 0, 0, 0, 0, 0], 0, ([0, 0, 0], [0, 0, 0, 0]), [0, 0, 0], [0, 0]]
['im.vector.app_40106284', 1, [0, 0, 0, 0, 1, 0, 0, 0], 0, ([1646, 796, 850], [4399, 3703, 8, 688]), [72, 7, 24], [0, 0]]
['com.ebaschiera.triplecamel_17', 0, [0, 0, 0, 0, 0, 0, 0, 0], 0, ([0, 0, 0], [0, 0, 0, 0]), [0, 0, 0], [0, 0]]
['org.breezyweather_50301', 1, [1, 1, 0, 1, 1, 0, 0, 0], 0, ([72, 64, 8], [235, 223, 0, 12]), [3, 0, 3], [0, 0]]
['com.parishod.watomatic_29', 0, [0, 0, 0, 0, 0, 0, 0, 0], 0, ([0, 0, 0], [0, 0, 0, 0]), [0, 0, 0], [0, 0]]
['io.github.ismywebsiteup_11', 0, [0, 0, 0, 0, 0, 0, 0, 0], 0, ([0, 0, 0], [0, 0, 0, 0]), [0, 0, 0], [0, 0]]
['com.pjuu.otterdroid_8', 0, [0, 0, 0, 0, 0, 0, 0, 0], 0, ([0, 0, 0], [0, 0, 0, 0]), [0, 0, 0], [0, 0]]
['org.proninyaroslav.opencomicvine_5', 0, [0, 0, 0, 0, 0, 0, 0, 0], 0, ([0, 0, 0], [0, 0, 0, 0]), [0, 0, 0], [0, 0]]
['net.i2p.android.router_4745289', 0, [0, 0, 0, 0, 0, 0, 0, 0], 0, ([9, 9, 0], [18, 17, 0, 1]), [0, 0, 0], [0, 0]]
['com.meteocool_34', 0, [0, 0, 0, 0, 0, 0, 0, 0], 0, ([0, 0, 0], [0, 0, 0, 0]), [0, 0, 0], [0, 0]]
['org.ietf.ietfsched_70', 0, [0, 0, 0, 0, 0, 0, 0, 0], 0, ([0, 0, 0], [0, 0, 0, 0]), [0, 0, 0], [0, 0]]
['com.cosmos.unreddit_22', 0, [0, 0, 0, 0, 0, 0, 0, 0], 0, ([168, 26, 142], [302, 142, 4, 156]), [0, 0, 0], [0, 0]]
['com.mrsep.ttlchanger_6', 1, [1, 1, 0, 1, 1, 0, 0, 0], 0, ([8, 0, 8], [24, 23, 0, 1]), [2, 1, 1], [0, 0]]
['com.marv42.ebt.newnote_7900', 1, [1, 1, 0, 1, 1, 0, 0, 0], 0, ([12, 4, 8], [33, 32, 0, 1]), [4, 2, 2], [0, 0]]
['net.timelegend.chaka.viewer.app_157', 1, [1, 1, 0, 1, 1, 0, 0, 0], 0, ([573, 29, 544], [1139, 826, 0, 313]), [1, 1, 1], [0, 0]]
['be.humanoids.webthingify_2', 0, [0, 0, 0, 0, 0, 0, 0, 0], 0, ([0, 0, 0], [0, 0, 0, 0]), [0, 0, 0], [0, 0]]
['com.gianlu.aria2android_76', 1, [1, 1, 0, 1, 1, 0, 0, 0], 0, ([0, 0, 0], [0, 0, 0, 0]), [1, 0, 0], [0, 0]]
['org.totschnig.sendwithftp_10', 0, [0, 0, 0, 0, 0, 0, 0, 0], 0, ([0, 0, 0], [0, 0, 0, 0]), [0, 0, 0], [0, 0]]
['com.jerboa_77', 1, [1, 1, 0, 1, 1, 0, 0, 0], 0, ([8, 0, 8], [24, 23, 0, 1]), [1, 0, 1], [0, 0]]
['org.onionshare.android.fdroid_214', 1, [0, 0, 0, 0, 1, 0, 0, 0], 0, ([153, 153, 0], [374, 366, 0, 8]), [3, 0, 0], [0, 0]]
['org.ca.squawker_300016323', 1, [1, 0, 0, 0, 0, 0, 0, 0], 0, ([212, 22, 190], [454, 277, 5, 172]), [2, 0, 1], [0, 0]]
['org.openobservatory.ooniprobe_124', 1, [1, 1, 0, 1, 1, 0, 0, 0], 0, ([128, 31, 97], [199, 160, 0, 39]), [1, 1, 0], [0, 0]]
['info.plateaukao.einkbro_140300', 1, [1, 1, 0, 1, 1, 0, 0, 0], 0, ([20, 0, 20], [60, 58, 0, 2]), [2, 1, 1], [0, 0]]
['kshib.raven_2163', 1, [0, 0, 0, 0, 1, 0, 0, 0], 0, ([41, 4, 37], [151, 134, 1, 16]), [2, 0, 1], [0, 0]]
['org.transdroid.lite_245', 0, [0, 0, 0, 0, 0, 0, 0, 0], 0, ([0, 0, 0], [0, 0, 0, 0]), [0, 0, 0], [0, 0]]
['com.mishiranu.dashchan_1043', 1, [1, 1, 0, 1, 0, 0, 0, 0], 0, ([19, 5, 14], [52, 49, 0, 3]), [2, 2, 1], [0, 0]]
['org.schabi.kiba_2', 0, [0, 0, 0, 0, 0, 0, 0, 0], 0, ([0, 0, 0], [0, 0, 0, 0]), [0, 0, 0], [0, 0]]
['at.bitfire.cadroid_8', 0, [0, 0, 0, 0, 0, 0, 0, 0], 0, ([0, 0, 0], [0, 0, 0, 0]), [0, 0, 0], [0, 0]]
['org.freenetproject.mobile_308', 1, [1, 1, 0, 1, 1, 0, 0, 1], 0, ([97, 89, 8], [401, 331, 0, 70]), [1, 1, 1], [0, 0]]
['com.iskrembilen.quasseldroid_1322', 0, [0, 0, 0, 0, 0, 0, 0, 0], 0, ([0, 0, 0], [0, 0, 0, 0]), [0, 0, 0], [0, 0]]
['com.github.shadowsocks_5030450', 1, [1, 1, 0, 1, 1, 0, 0, 0], 0, ([0, 0, 0], [0, 0, 0, 0]), [3, 0, 0], [0, 0]]
['com.guozhigq.pilipala_10253', 1, [1, 0, 0, 0, 0, 0, 0, 0], 0, ([46, 9, 37], [161, 142, 2, 17]), [5, 1, 1], [0, 0]]
['network.loki.messenger.fdroid_3905', 1, [1, 1, 1, 1, 1, 1, 1, 0], 0, ([912, 568, 344], [3201, 2625, 8, 568]), [9, 5, 5], [0, 0]]
['io.github.danxi_dev.dan_xi_344', 1, [1, 1, 0, 1, 1, 0, 0, 0], 0, ([42, 4, 38], [152, 135, 1, 16]), [3, 0, 1], [0, 0]]
['org.galexander.sshd_27', 1, [1, 1, 0, 1, 1, 0, 0, 0], 0, ([3, 3, 0], [13, 13, 0, 0]), [5, 1, 0], [0, 0]]
['rs.ltt.android_18', 0, [0, 0, 0, 0, 0, 0, 0, 0], 0, ([0, 0, 0], [0, 0, 0, 0]), [0, 0, 0], [0, 0]]
['com.ominous.quickweather_102', 1, [1, 1, 0, 1, 1, 0, 0, 0], 0, ([522, 4, 518], [971, 651, 0, 320]), [1, 0, 1], [0, 0]]
['eu.quelltext.gita_6', 0, [0, 0, 0, 0, 0, 0, 0, 0], 0, ([0, 0, 0], [0, 0, 0, 0]), [0, 0, 0], [0, 0]]
['cx.ring_441', 1, [1, 1, 0, 0, 1, 0, 0, 0], 0, ([662, 662, 0], [2627, 2150, 0, 477]), [2, 1, 1], [0, 0]]
['org.ttrssreader_1978', 0, [0, 0, 0, 0, 0, 0, 0, 0], 0, ([0, 0, 0], [0, 0, 0, 0]), [0, 0, 0], [0, 0]]
['de.jonasbernard.tudarmstadtmoodlewrapper_3', 0, [0, 0, 0, 0, 0, 0, 0, 0], 0, ([0, 0, 0], [0, 0, 0, 0]), [0, 0, 0], [0, 0]]
['eu.neilalexander.yggdrasil_20', 1, [1, 1, 0, 1, 1, 0, 0, 0], 0, ([56, 14, 42], [77, 74, 0, 3]), [1, 1, 0], [0, 0]]
['app.zimly.backup_46', 1, [1, 1, 0, 1, 1, 0, 0, 0], 0, ([10, 0, 10], [32, 29, 0, 3]), [1, 0, 1], [0, 0]]
['com.indieweb.indigenous_84', 0, [0, 0, 0, 0, 0, 0, 0, 0], 0, ([0, 0, 0], [0, 0, 0, 0]), [0, 0, 0], [0, 0]]
['de.nucleus.foss_warn_32', 1, [1, 1, 0, 0, 1, 0, 0, 0], 0, ([41, 4, 37], [151, 134, 1, 16]), [2, 0, 1], [0, 0]]
['sh.ikl.liteshort_5', 0, [0, 0, 0, 0, 0, 0, 0, 0], 0, ([0, 0, 0], [0, 0, 0, 0]), [0, 0, 0], [0, 0]]
['com.zoffcc.applications.trifa_10246', 1, [1, 1, 0, 1, 1, 0, 0, 0], 0, ([478, 289, 189], [1750, 1648, 0, 102]), [11, 6, 7], [0, 0]]
['com.greenart7c3.citrine_43', 1, [1, 1, 1, 1, 1, 1, 1, 0], 0, ([333, 145, 188], [1430, 1300, 0, 130]), [4, 2, 2], [0, 0]]
['com.juliansparber.captiveportallogin_2', 0, [0, 0, 0, 0, 0, 0, 0, 0], 0, ([0, 0, 0], [0, 0, 0, 0]), [0, 0, 0], [0, 0]]
['me.zhanghai.android.textselectionwebsearch_6', 0, [0, 0, 0, 0, 0, 0, 0, 0], 0, ([0, 0, 0], [0, 0, 0, 0]), [0, 0, 0], [0, 0]]
['org.lenchan139.ncbookmark_11', 0, [0, 0, 0, 0, 0, 0, 0, 0], 0, ([0, 0, 0], [0, 0, 0, 0]), [0, 0, 0], [0, 0]]
['org.purplei2p.i2pd_2550000', 1, [1, 1, 0, 1, 1, 0, 0, 0], 0, ([17, 17, 0], [20, 20, 0, 0]), [1, 1, 0], [0, 0]]
['com.manimarank.spell4wiki_16', 1, [1, 1, 0, 1, 1, 0, 0, 0], 0, ([17, 17, 0], [23, 23, 0, 0]), [14, 3, 3], [0, 0]]
['com.tutpro.baresip_415', 1, [1, 1, 0, 0, 0, 0, 0, 0], 0, ([90, 0, 90], [225, 225, 0, 0]), [2, 1, 1], [0, 0]]
['com.commit451.gitlab_2070900', 0, [0, 0, 0, 0, 0, 0, 0, 0], 0, ([0, 0, 0], [0, 0, 0, 0]), [0, 0, 0], [0, 0]]
['net.turtton.ytalarm_109', 1, [0, 0, 0, 0, 1, 0, 0, 0], 0, ([0, 0, 0], [0, 0, 0, 0]), [2, 0, 0], [0, 0]]
['com.bytesforge.linkasanote_30499', 0, [0, 0, 0, 0, 0, 0, 0, 0], 0, ([0, 0, 0], [0, 0, 0, 0]), [0, 0, 0], [0, 0]]
['org.schabi.newpipe_1002', 0, [0, 0, 0, 0, 0, 0, 0, 0], 0, ([0, 0, 0], [0, 0, 0, 0]), [0, 0, 0], [0, 0]]
['app.openconnect_1119', 1, [0, 0, 1, 1, 0, 1, 0, 0], 0, ([72, 9, 63], [120, 117, 0, 3]), [2, 2, 0], [6, 0]]
['dev.lbeernaert.youhavemail_40', 1, [1, 1, 0, 0, 1, 0, 0, 0], 0, ([69, 69, 0], [316, 251, 0, 65]), [3, 1, 1], [0, 0]]
['uk.org.boddie.android.weatherforecast_173', 0, [0, 0, 0, 0, 0, 0, 0, 0], 0, ([0, 0, 0], [0, 0, 0, 0]), [0, 0, 0], [0, 0]]
['jp.redmine.redmineclient_665', 0, [0, 0, 0, 0, 0, 0, 0, 0], 0, ([0, 0, 0], [0, 0, 0, 0]), [0, 0, 0], [0, 0]]
['io.github.exclude0122.xivpn_223', 1, [1, 0, 0, 0, 0, 0, 0, 0], 0, ([3, 3, 0], [8, 8, 0, 0]), [1, 1, 0], [0, 0]]
['org.afhdownloader_11', 0, [0, 0, 0, 0, 0, 0, 0, 0], 0, ([0, 0, 0], [0, 0, 0, 0]), [0, 0, 0], [0, 0]]
['com.sbv.linkdroid_12', 0, [0, 0, 0, 0, 0, 0, 0, 0], 0, ([0, 0, 0], [0, 0, 0, 0]), [0, 0, 0], [0, 0]]
['de.wellenvogel.bonjourbrowser_114', 0, [0, 0, 0, 0, 0, 0, 0, 0], 0, ([0, 0, 0], [0, 0, 0, 0]), [0, 0, 0], [0, 0]]
['de.grobox.blitzmail_14', 0, [0, 0, 0, 0, 0, 0, 0, 0], 0, ([0, 0, 0], [0, 0, 0, 0]), [0, 0, 0], [0, 0]]
['app.prav.client_4207204', 1, [1, 0, 0, 0, 0, 0, 0, 0], 0, ([480, 420, 60], [1508, 1142, 8, 358]), [2, 1, 2], [0, 0]]
['org.handmadeideas.floccus_5004003', 0, [0, 0, 0, 0, 0, 0, 0, 0], 0, ([0, 0, 0], [0, 0, 0, 0]), [0, 0, 0], [0, 0]]
['com.cookiegames.smartcookie_152', 0, [0, 0, 0, 0, 0, 0, 0, 0], 0, ([0, 0, 0], [0, 0, 0, 0]), [0, 0, 0], [0, 0]]
['io.github.benderblog.traintime_pda_253', 1, [1, 0, 0, 0, 0, 0, 0, 0], 0, ([47, 10, 37], [167, 149, 1, 17]), [5, 3, 1], [0, 0]]
['com.jtmcn.archwiki.viewer_15', 0, [0, 0, 0, 0, 0, 0, 0, 0], 0, ([0, 0, 0], [0, 0, 0, 0]), [0, 0, 0], [0, 0]]
['org.connectbot_10910000', 1, [1, 1, 0, 1, 1, 0, 0, 0], 0, ([291, 291, 0], [953, 726, 0, 227]), [2, 1, 1], [0, 0]]
['su.xash.husky_204', 1, [1, 1, 0, 1, 1, 0, 0, 0], 0, ([299, 293, 6], [980, 746, 0, 234]), [3, 1, 3], [0, 0]]
['com.tht.k3pler_4', 1, [0, 0, 0, 0, 0, 0, 0, 1], 0, ([160, 137, 23], [417, 388, 0, 29]), [0, 0, 0], [0, 0]]
['com.joshtwigg.cmus.droid_8', 0, [0, 0, 0, 0, 0, 0, 0, 0], 0, ([0, 0, 0], [0, 0, 0, 0]), [0, 0, 0], [0, 0]]
['cz.vitskalicky.lepsirozvrh_44', 1, [1, 1, 0, 1, 1, 0, 0, 0], 0, ([11, 11, 0], [28, 26, 0, 2]), [2, 1, 0], [0, 0]]
['com.infomaniak.drive_50300001', 1, [1, 1, 0, 1, 1, 1, 1, 0], 0, ([630, 439, 191], [1992, 1947, 0, 45]), [10, 4, 2], [0, 0]]
['systems.byteswap.aiproute_1', 0, [0, 0, 0, 0, 0, 0, 0, 0], 0, ([0, 0, 0], [0, 0, 0, 0]), [0, 0, 0], [0, 0]]
['org.woheller69.omweather_37', 0, [0, 0, 0, 0, 0, 0, 0, 0], 0, ([0, 0, 0], [0, 0, 0, 0]), [0, 0, 0], [0, 0]]
['acr.browser.lightning_101', 1, [1, 1, 1, 0, 0, 1, 0, 0], 0, ([0, 0, 0], [0, 0, 0, 0]), [1, 1, 0], [0, 0]]
['com.oF2pks.jquarks_24', 0, [0, 0, 0, 0, 0, 0, 0, 0], 0, ([0, 0, 0], [0, 0, 0, 0]), [0, 0, 0], [0, 0]]
['org.grating.styncynotes_1', 1, [1, 1, 0, 1, 1, 0, 0, 0], 0, ([12, 0, 12], [32, 31, 0, 1]), [2, 1, 1], [0, 0]]
['app.fedilab.nitterizeme_33', 0, [0, 0, 0, 0, 0, 0, 0, 0], 0, ([0, 0, 0], [0, 0, 0, 0]), [0, 0, 0], [0, 0]]
['com.jiaqifeng.hacki_1553', 1, [1, 0, 0, 0, 0, 0, 0, 0], 0, ([174, 22, 152], [376, 236, 4, 136]), [2, 0, 1], [0, 0]]
['it.rignanese.leo.slimfacebook_115', 1, [1, 1, 0, 1, 1, 0, 0, 0], 0, ([43, 4, 39], [155, 137, 1, 17]), [3, 1, 1], [0, 0]]
['com.duckduckgo.mobile.android_52240000', 1, [1, 1, 0, 1, 1, 0, 0, 0], 0, ([394, 295, 99], [1197, 967, 0, 230]), [9, 6, 3], [0, 0]]
['com.nikhiljha.lobstersapp_3', 1, [0, 1, 0, 0, 0, 0, 0, 0], 0, ([26, 26, 0], [97, 86, 1, 10]), [1, 0, 1], [0, 0]]
['com.ssrlive.ssrdroid_537', 1, [1, 1, 0, 1, 1, 0, 0, 0], 0, ([94, 19, 75], [171, 82, 3, 86]), [5, 5, 0], [0, 0]]
['org.briarproject.mailbox_10009', 1, [1, 1, 0, 1, 1, 0, 0, 0], 0, ([330, 204, 126], [717, 552, 6, 159]), [3, 0, 0], [0, 0]]
['de.niendo.ImapNotes3_10403', 0, [0, 0, 0, 0, 0, 0, 0, 0], 0, ([0, 0, 0], [0, 0, 0, 0]), [0, 0, 0], [0, 0]]
['fil.libre.repwifiapp_5', 0, [0, 0, 0, 0, 0, 0, 0, 0], 0, ([0, 0, 0], [0, 0, 0, 0]), [0, 0, 0], [0, 0]]
['se.leap.riseupvpn_176000', 1, [1, 1, 0, 1, 1, 0, 0, 0], 0, ([439, 335, 104], [1186, 937, 0, 249]), [6, 3, 3], [4, 0]]
['org.irmacard.cardemu_4194471', 1, [1, 1, 0, 0, 1, 0, 0, 0], 0, ([76, 26, 50], [224, 200, 1, 23]), [6, 3, 1], [0, 0]]
['androdns.android.leetdreams.ch.androdns_27', 0, [0, 0, 0, 0, 0, 0, 0, 0], 0, ([0, 0, 0], [0, 0, 0, 0]), [0, 0, 0], [0, 0]]
['ru.ra66it.updaterforspotify_21', 0, [0, 0, 0, 0, 0, 0, 0, 0], 0, ([0, 0, 0], [0, 0, 0, 0]), [0, 0, 0], [0, 0]]
['timur.webcall.callee_135', 0, [0, 0, 0, 0, 0, 0, 0, 0], 0, ([0, 0, 0], [0, 0, 0, 0]), [0, 0, 0], [0, 0]]
['com.javiersantos.whatsappbetaupdater_25', 0, [0, 0, 0, 0, 0, 0, 0, 0], 0, ([0, 0, 0], [0, 0, 0, 0]), [0, 0, 0], [0, 0]]
['org.echoline.drawterm_2', 1, [1, 1, 0, 1, 1, 0, 0, 0], 0, ([13, 0, 13], [24, 22, 0, 2]), [1, 1, 0], [0, 0]]
['com.linuxcounter.lico_update_003_8', 0, [0, 0, 0, 0, 0, 0, 0, 0], 0, ([0, 0, 0], [0, 0, 0, 0]), [0, 0, 0], [0, 0]]
['org.nuclearfog.twidda_112', 0, [0, 0, 0, 0, 0, 0, 0, 0], 0, ([0, 0, 0], [0, 0, 0, 0]), [0, 0, 0], [0, 0]]
['kzs.th000.tsdm_client_393', 1, [1, 0, 0, 0, 0, 0, 0, 0], 0, ([42, 4, 38], [152, 135, 1, 16]), [5, 1, 1], [0, 0]]
['org.briarproject.briar.android_10513', 1, [1, 1, 0, 1, 1, 0, 0, 0], 0, ([8, 0, 8], [25, 25, 0, 0]), [3, 0, 0], [0, 0]]
['de.ciluvien.mensen_40', 1, [1, 1, 0, 1, 1, 0, 0, 0], 0, ([8, 0, 8], [24, 23, 0, 1]), [2, 1, 1], [0, 0]]
['org.proninyaroslav.libretorrent_9000314', 1, [0, 0, 0, 0, 1, 0, 0, 0], 0, ([3688, 3688, 0], [11167, 8078, 0, 3089]), [2, 2, 1], [0, 0]]
['com.cosmos.candle_10', 0, [0, 0, 0, 0, 0, 0, 0, 0], 0, ([0, 0, 0], [0, 0, 0, 0]), [0, 0, 0], [0, 0]]
['gov.anzong.androidnga_4001', 0, [0, 0, 0, 0, 0, 0, 0, 0], 0, ([0, 0, 0], [0, 0, 0, 0]), [0, 0, 0], [0, 0]]
['com.yassirh.digitalocean_32', 0, [0, 0, 0, 0, 0, 0, 0, 0], 0, ([0, 0, 0], [0, 0, 0, 0]), [0, 0, 0], [0, 0]]
['org.smblott.intentradio_21', 0, [0, 0, 0, 0, 0, 0, 0, 0], 0, ([0, 0, 0], [0, 0, 0, 0]), [0, 0, 0], [0, 0]]
['org.calyxinstitute.vpn_176000', 1, [1, 1, 0, 1, 1, 0, 0, 0], 0, ([439, 335, 104], [1186, 937, 0, 249]), [6, 3, 3], [4, 0]]
['allen.town.focus.podcast_70', 1, [1, 1, 0, 1, 1, 0, 0, 0], 0, ([3, 3, 0], [12, 11, 0, 1]), [1, 1, 0], [0, 0]]
['io.github.saeeddev94.xray_604', 1, [0, 0, 0, 0, 1, 0, 0, 0], 0, ([15, 11, 4], [27, 25, 0, 2]), [2, 1, 1], [0, 0]]
['com.doubleangels.nextdnsmanagement_243', 1, [1, 1, 0, 1, 1, 0, 0, 0], 0, ([11, 11, 0], [28, 26, 0, 2]), [2, 1, 0], [0, 0]]
['org.purple.smokestack_20240101', 0, [0, 0, 0, 0, 0, 0, 0, 0], 0, ([0, 0, 0], [0, 0, 0, 0]), [0, 0, 0], [0, 0]]
['org.woheller69.weather_65', 0, [0, 0, 0, 0, 0, 0, 0, 0], 0, ([0, 0, 0], [0, 0, 0, 0]), [0, 0, 0], [0, 0]]
['es.ideotec.wdnotes_3', 1, [1, 1, 0, 0, 1, 0, 0, 0], 0, ([36, 5, 31], [134, 120, 1, 13]), [2, 0, 1], [0, 0]]
['com.w2sv.wifiwidget_66', 1, [1, 1, 0, 1, 1, 0, 0, 0], 0, ([8, 0, 8], [24, 23, 0, 1]), [2, 1, 1], [0, 0]]
['io.github.subhamtyagi.openinwhatsapp_8', 0, [0, 0, 0, 0, 0, 0, 0, 0], 0, ([0, 0, 0], [0, 0, 0, 0]), [0, 0, 0], [0, 0]]
['com.amrdeveloper.linkhub_29', 0, [0, 0, 0, 0, 0, 0, 0, 0], 0, ([0, 0, 0], [0, 0, 0, 0]), [0, 0, 0], [0, 0]]
['com.mattermost.rnbeta_59304', 1, [0, 0, 0, 0, 1, 0, 0, 0], 0, ([595, 309, 286], [1561, 1223, 8, 330]), [52, 6, 27], [0, 0]]
['org.strawberryforum.argentum_5', 0, [0, 0, 0, 0, 0, 0, 0, 0], 0, ([0, 0, 0], [0, 0, 0, 0]), [0, 0, 0], [0, 0]]
['com.vitabytes.meteoweathergr_1', 1, [1, 1, 0, 0, 0, 0, 0, 0], 0, ([105, 18, 87], [266, 190, 4, 72]), [2, 0, 1], [0, 0]]
['tech.techlore.plexus_210', 0, [0, 0, 0, 0, 0, 0, 0, 0], 0, ([0, 0, 0], [0, 0, 0, 0]), [0, 0, 0], [0, 0]]
['com.celzero.bravedns_45', 1, [1, 1, 0, 1, 1, 0, 0, 0], 0, ([349, 50, 299], [656, 589, 0, 67]), [1, 1, 0], [0, 0]]
['org.asdtm.fas_3', 0, [0, 0, 0, 0, 0, 0, 0, 0], 0, ([0, 0, 0], [0, 0, 0, 0]), [0, 0, 0], [0, 0]]
['pan.alexander.tordnscrypt.stable_24303', 1, [1, 0, 0, 0, 0, 0, 0, 0], 0, ([11, 2, 9], [35, 35, 0, 0]), [11, 1, 1], [0, 0]]
['org.bienvenidoainternet.app_13', 1, [1, 1, 1, 1, 1, 1, 1, 0], 0, ([33, 33, 0], [86, 78, 0, 8]), [2, 2, 1], [0, 0]]
['com.b44t.messenger_7094', 1, [0, 0, 0, 0, 1, 0, 0, 0], 0, ([235, 6, 229], [407, 395, 0, 12]), [4, 3, 2], [0, 0]]
['com.nextcloud.client_30310051', 1, [1, 1, 0, 1, 1, 0, 0, 0], 0, ([339, 331, 8], [1070, 836, 0, 234]), [3, 1, 3], [0, 0]]
['app.fedilab.mobilizon_3', 0, [0, 0, 0, 0, 0, 0, 0, 0], 0, ([0, 0, 0], [0, 0, 0, 0]), [0, 0, 0], [0, 0]]
['cs4295.memecreator_1', 0, [0, 0, 0, 0, 0, 0, 0, 0], 0, ([0, 0, 0], [0, 0, 0, 0]), [0, 0, 0], [0, 0]]
['ru.nsu.bobrofon.easysshfs_91', 1, [1, 1, 0, 1, 1, 0, 0, 0], 0, ([0, 0, 0], [0, 0, 0, 0]), [3, 0, 0], [0, 0]]
['com.seafile.seadroid2_161', 0, [0, 0, 0, 0, 0, 0, 0, 0], 0, ([0, 0, 0], [0, 0, 0, 0]), [0, 0, 0], [0, 0]]
['com.gaurav.avnc_41', 1, [1, 1, 0, 1, 1, 0, 0, 0], 0, ([19, 1, 18], [57, 57, 0, 0]), [1, 1, 1], [0, 0]]
['uk.ac.swansea.eduroamcat_59', 0, [0, 0, 0, 0, 0, 0, 0, 0], 0, ([0, 0, 0], [0, 0, 0, 0]), [0, 0, 0], [0, 0]]
['com.odweta.solon_211', 0, [0, 0, 0, 0, 0, 0, 0, 0], 0, ([0, 0, 0], [0, 0, 0, 0]), [0, 0, 0], [0, 0]]
['fi.kroon.vadret_29', 0, [0, 0, 0, 0, 0, 0, 0, 0], 0, ([0, 0, 0], [0, 0, 0, 0]), [0, 0, 0], [0, 0]]
['com.nononsenseapps.feeder_325', 1, [1, 1, 1, 1, 1, 1, 1, 0], 0, ([366, 365, 1], [1271, 979, 0, 292]), [4, 2, 2], [0, 0]]
['net.kollnig.missioncontrol.fdroid_2024121503', 1, [1, 1, 0, 1, 1, 0, 0, 0], 0, ([13, 4, 9], [33, 33, 0, 0]), [1, 1, 1], [0, 0]]
['me.tagavari.airmessage_139', 1, [1, 1, 0, 1, 1, 0, 0, 0], 0, ([12, 12, 0], [75, 55, 0, 20]), [1, 1, 0], [0, 0]]
['fr.mobdev.peertubelive_4', 0, [0, 0, 0, 0, 0, 0, 0, 0], 0, ([0, 0, 0], [0, 0, 0, 0]), [0, 0, 0], [0, 0]]
['com.example.TTime_3', 0, [0, 0, 0, 0, 0, 0, 0, 0], 0, ([0, 0, 0], [0, 0, 0, 0]), [0, 0, 0], [0, 0]]
['org.decsync.sparss.floss_99', 0, [0, 0, 0, 0, 0, 0, 0, 0], 0, ([0, 0, 0], [0, 0, 0, 0]), [0, 0, 0], [0, 0]]
['com.flasskamp.energize_26', 1, [1, 1, 0, 0, 1, 0, 0, 0], 0, ([42, 4, 38], [152, 135, 1, 16]), [2, 0, 1], [0, 0]]
['io.mrarm.irc_13', 0, [0, 0, 0, 0, 0, 0, 0, 0], 0, ([202, 42, 160], [384, 185, 11, 188]), [0, 0, 0], [0, 0]]
['org.poul.bits.android_4', 0, [0, 0, 0, 0, 0, 0, 0, 0], 0, ([0, 0, 0], [0, 0, 0, 0]), [0, 0, 0], [0, 0]]
['de.lihotzki.pixelflood_10003', 1, [1, 1, 1, 1, 1, 1, 1, 0], 0, ([0, 0, 0], [0, 0, 0, 0]), [1, 0, 0], [0, 0]]
['com.fediphoto.lineage_74', 0, [0, 0, 0, 0, 0, 0, 0, 0], 0, ([0, 0, 0], [0, 0, 0, 0]), [0, 0, 0], [0, 0]]
['ro.radioromaniaactualitati.podcasts_65', 1, [1, 1, 0, 0, 1, 0, 0, 0], 0, ([41, 4, 37], [151, 134, 1, 16]), [2, 0, 1], [0, 0]]
['com.readrops.app_20', 1, [1, 1, 0, 1, 1, 0, 0, 0], 0, ([0, 0, 0], [0, 0, 0, 0]), [1, 1, 0], [0, 0]]
['com.zfdang.zsmth_android_1013', 1, [1, 1, 0, 1, 1, 0, 0, 0], 0, ([63, 22, 41], [134, 104, 0, 30]), [5, 0, 5], [0, 0]]
['tn.creativeteam.newyoutubelistingapp_6', 0, [0, 0, 0, 0, 0, 0, 0, 0], 0, ([0, 0, 0], [0, 0, 0, 0]), [0, 0, 0], [0, 0]]
['com.angryburg.uapp_425', 0, [0, 0, 0, 0, 0, 0, 0, 0], 0, ([0, 0, 0], [0, 0, 0, 0]), [0, 0, 0], [0, 0]]
['com.shub39.rush_2440', 1, [1, 1, 0, 1, 1, 0, 0, 0], 0, ([8, 0, 8], [24, 23, 0, 1]), [2, 1, 1], [0, 0]]
['io.github.domi04151309.home_1100', 0, [0, 0, 0, 0, 0, 0, 0, 0], 0, ([0, 0, 0], [0, 0, 0, 0]), [0, 0, 0], [0, 0]]
['com.twoeightnine.root.xvii_194', 0, [0, 0, 0, 0, 0, 0, 0, 0], 0, ([0, 0, 0], [0, 0, 0, 0]), [0, 0, 0], [0, 0]]
['nl.eduvpn.app_31', 1, [1, 1, 0, 1, 1, 0, 0, 0], 0, ([84, 61, 23], [234, 189, 0, 45]), [11, 6, 1], [4, 0]]
['dev.mlzzen.androidnga_1000201', 0, [0, 0, 0, 0, 0, 0, 0, 0], 0, ([0, 0, 0], [0, 0, 0, 0]), [0, 0, 0], [0, 0]]
['org.kde.ktrip_1', 1, [0, 1, 0, 0, 0, 0, 0, 0], 0, ([84, 80, 4], [226, 206, 1, 19]), [54, 1, 4], [0, 0]]
['io.github.mthli.Ninja_26', 0, [0, 0, 0, 0, 0, 0, 0, 0], 0, ([0, 0, 0], [0, 0, 0, 0]), [0, 0, 0], [0, 0]]
['alt.nainapps.sharepaste.fdroid_1734722268', 1, [1, 0, 0, 0, 0, 0, 0, 0], 0, ([77, 69, 8], [340, 274, 0, 66]), [3, 1, 2], [0, 0]]
['com.czy0729.bangumi_70701', 1, [1, 1, 0, 1, 1, 0, 0, 0], 0, ([274, 141, 133], [653, 531, 0, 122]), [65, 0, 19], [0, 0]]
['eu.auct.twitter2nitter_10', 0, [0, 0, 0, 0, 0, 0, 0, 0], 0, ([0, 0, 0], [0, 0, 0, 0]), [0, 0, 0], [0, 0]]
['org.brightdv.boxbox_37', 1, [1, 1, 0, 0, 1, 0, 0, 0], 0, ([41, 4, 37], [151, 134, 1, 16]), [2, 0, 1], [0, 0]]
['io.element.android.x_40007064', 1, [0, 0, 0, 0, 1, 0, 0, 0], 0, ([683, 89, 594], [1569, 1145, 0, 424]), [11, 5, 4], [0, 0]]
['de.monocles.social_4', 0, [0, 0, 0, 0, 0, 0, 0, 0], 0, ([0, 0, 0], [0, 0, 0, 0]), [0, 0, 0], [0, 0]]
['com.geeksville.mesh_30516', 1, [1, 1, 0, 1, 1, 0, 0, 0], 0, ([8, 0, 8], [24, 23, 0, 1]), [2, 1, 1], [0, 0]]
['ru.evgeniy.dpitunnel_13', 1, [1, 1, 0, 1, 1, 0, 0, 0], 0, ([8, 0, 8], [16, 15, 0, 1]), [3, 2, 1], [0, 0]]
['net.guildem.publicip_5', 0, [0, 0, 0, 0, 0, 0, 0, 0], 0, ([0, 0, 0], [0, 0, 0, 0]), [0, 0, 0], [0, 0]]
['net.thunderbird.android_8', 1, [1, 1, 0, 1, 1, 0, 0, 0], 0, ([13, 5, 8], [89, 68, 0, 21]), [2, 1, 1], [0, 0]]
['tk.giesecke.disaster_radio_17', 0, [0, 0, 0, 0, 0, 0, 0, 0], 0, ([0, 0, 0], [0, 0, 0, 0]), [0, 0, 0], [0, 0]]
['com.github.nicolassmith.urlevaluator_13', 0, [0, 0, 0, 0, 0, 0, 0, 0], 0, ([0, 0, 0], [0, 0, 0, 0]), [0, 0, 0], [0, 0]]
['dev.bartuzen.qbitcontroller_19', 1, [1, 1, 0, 1, 1, 0, 0, 0], 0, ([8, 0, 8], [24, 23, 0, 1]), [1, 0, 1], [0, 0]]
['com.tasomaniac.openwith.floss_21000', 0, [0, 0, 0, 0, 0, 0, 0, 0], 0, ([0, 0, 0], [0, 0, 0, 0]), [0, 0, 0], [0, 0]]
['org.metabrainz.android_56', 1, [1, 1, 1, 1, 1, 1, 1, 0], 0, ([47, 4, 43], [81, 80, 0, 1]), [2, 1, 1], [0, 0]]
['de.k4ever.k4android_10', 0, [0, 0, 0, 0, 0, 0, 0, 0], 0, ([0, 0, 0], [0, 0, 0, 0]), [0, 0, 0], [0, 0]]
['de.tutao.calendar_76', 1, [1, 1, 1, 1, 1, 1, 1, 0], 0, ([419, 364, 55], [1396, 1101, 0, 295]), [5, 2, 3], [0, 0]]
['com.chao.app_315', 1, [1, 1, 0, 1, 1, 0, 0, 0], 0, ([39, 6, 33], [170, 147, 1, 22]), [3, 1, 1], [0, 0]]
['com.thirtydegreesray.openhub_34', 0, [0, 0, 0, 0, 0, 0, 0, 0], 0, ([0, 0, 0], [0, 0, 0, 0]), [0, 0, 0], [0, 0]]
['si.palcka.tarok_203', 1, [1, 0, 0, 0, 0, 0, 0, 0], 0, ([47, 9, 38], [162, 143, 2, 17]), [6, 2, 1], [0, 0]]
['com.chesire.nekome_24081508', 0, [0, 0, 0, 0, 0, 0, 0, 0], 0, ([0, 0, 0], [0, 0, 0, 0]), [0, 0, 0], [0, 0]]
['de.lukasneugebauer.nextcloudcookbook_50', 1, [1, 1, 0, 1, 1, 0, 0, 0], 0, ([8, 0, 8], [24, 23, 0, 1]), [2, 1, 1], [0, 0]]
['com.geekorum.ttrss.free_1068249', 0, [0, 0, 0, 0, 0, 0, 0, 0], 0, ([0, 0, 0], [0, 0, 0, 0]), [0, 0, 0], [0, 0]]
['com.libreweatherrn_103', 1, [1, 1, 0, 1, 1, 0, 0, 0], 0, ([212, 132, 80], [549, 456, 0, 93]), [57, 0, 14], [0, 0]]
['com.mde.potdroid_90', 0, [0, 0, 0, 0, 0, 0, 0, 0], 0, ([0, 0, 0], [0, 0, 0, 0]), [0, 0, 0], [0, 0]]
['com.freerdp.afreerdp_3005001', 1, [1, 1, 0, 0, 0, 0, 0, 0], 0, ([16, 16, 0], [41, 39, 1, 1]), [12, 1, 2], [0, 0]]
['horse.amazin.my.stratum0.statuswidget_28', 0, [0, 0, 0, 0, 0, 0, 0, 0], 0, ([0, 0, 0], [0, 0, 0, 0]), [0, 0, 0], [0, 0]]
['io.muetsch.anchrandroid_33', 1, [1, 1, 0, 0, 1, 0, 0, 0], 0, ([36, 5, 31], [134, 120, 1, 13]), [2, 0, 1], [0, 0]]
['ua.bossly.tools.translit_37', 0, [0, 0, 0, 0, 0, 0, 0, 0], 0, ([0, 0, 0], [0, 0, 0, 0]), [0, 0, 0], [0, 0]]
['org.andstatus.app_370', 0, [0, 0, 0, 0, 0, 0, 0, 0], 0, ([0, 0, 0], [0, 0, 0, 0]), [0, 0, 0], [0, 0]]
['eu.toldi.infinityforlemmy_136', 1, [1, 1, 0, 1, 1, 0, 0, 0], 0, ([23, 23, 0], [53, 49, 0, 4]), [1, 1, 1], [0, 0]]
['com.leestarb.fourthtools_341', 0, [0, 0, 0, 0, 0, 0, 0, 0], 0, ([0, 0, 0], [0, 0, 0, 0]), [0, 0, 0], [0, 0]]
['com.github.vauvenal5.yaga_4300', 1, [1, 1, 0, 0, 1, 0, 0, 0], 0, ([119, 19, 100], [282, 195, 4, 83]), [2, 0, 1], [0, 0]]
['com.infomaniak.sync_403140003', 1, [1, 1, 0, 1, 1, 0, 0, 0], 0, ([288, 288, 0], [940, 715, 0, 225]), [1, 0, 1], [0, 0]]
['org.adblockplus.android_270', 1, [0, 0, 1, 0, 0, 0, 0, 0], 0, ([7, 0, 7], [20, 14, 0, 6]), [1, 1, 1], [1, 0]]
['net.bitconomy.ckpoolwatcher_1', 0, [0, 0, 0, 0, 0, 0, 0, 0], 0, ([0, 0, 0], [0, 0, 0, 0]), [0, 0, 0], [0, 0]]
['gq.kirmanak.mealient_37', 1, [1, 1, 0, 1, 1, 0, 0, 0], 0, ([0, 0, 0], [0, 0, 0, 0]), [1, 1, 0], [0, 0]]
['org.openhab.habdroid_563', 0, [0, 0, 0, 0, 0, 0, 0, 0], 0, ([0, 0, 0], [0, 0, 0, 0]), [0, 0, 0], [0, 0]]
['com.github.catfriend1.syncthingandroid_1290200', 1, [1, 0, 1, 1, 1, 0, 0, 0], 0, ([0, 0, 0], [0, 0, 0, 0]), [1, 0, 0], [0, 0]]
['com.phpbg.easysync_16', 1, [1, 1, 0, 1, 1, 0, 0, 0], 0, ([12, 0, 12], [32, 31, 0, 1]), [2, 1, 1], [0, 0]]
