apk_name, have_lib, [arm64-v8a, armeabi-v7a, armeabi, x86, x86_64, mips, mips64, other], native-activity, ([jni_method_total_num, static_num, nostatic_num], [total_all_type, total_basic_type, total_icc_type, total_complex_type, total_complex_type]), [so_total_num, so_Java_num, so_onLoad_num], [have_other_elf, have_pwd_zip]
['org.pgnapps.pk2_1029', 1, [1, 1, 0, 1, 1, 0, 0, 0], 0, ([49, 39, 10], [134, 133, 0, 1]), [8, 2, 1], [0, 0]]
['com.roguetemple.hyperroid_13002', 1, [1, 1, 0, 1, 1, 0, 0, 0], 0, ([22, 0, 22], [34, 34, 0, 0]), [1, 1, 0], [0, 0]]
['ro.hume.cosmin.retrostack_6', 1, [1, 1, 0, 1, 1, 0, 0, 0], 0, ([59, 59, 0], [326, 285, 0, 41]), [1, 1, 0], [0, 0]]
['com.example.spokennumbers_10', 0, [0, 0, 0, 0, 0, 0, 0, 0], 0, ([0, 0, 0], [0, 0, 0, 0]), [0, 0, 0], [0, 0]]
['xyz.deepdaikon.quinb_10', 1, [1, 1, 0, 0, 1, 0, 0, 0], 0, ([118, 27, 91], [301, 206, 5, 90]), [2, 0, 1], [0, 0]]
['se.traffar.dot_race_4', 1, [0, 1, 1, 1, 0, 0, 0, 0], 0, ([22, 20, 2], [59, 59, 0, 0]), [4, 2, 1], [0, 0]]
['com.traffar.a24game_5', 1, [0, 1, 1, 1, 0, 0, 0, 0], 0, ([22, 20, 2], [59, 59, 0, 0]), [4, 2, 1], [0, 0]]
['com.evilinsult_43', 0, [0, 0, 0, 0, 0, 0, 0, 0], 0, ([0, 0, 0], [0, 0, 0, 0]), [0, 0, 0], [0, 0]]
['com.numguesser.tonio_rpchp.numberguesser_14', 0, [0, 0, 0, 0, 0, 0, 0, 0], 0, ([0, 0, 0], [0, 0, 0, 0]), [0, 0, 0], [0, 0]]
['crypto.o0o0o0o0o.games.blackjack_4', 0, [0, 0, 0, 0, 0, 0, 0, 0], 0, ([0, 0, 0], [0, 0, 0, 0]), [0, 0, 0], [0, 0]]
['org.lichess.mobileapp.free_8000000', 1, [1, 1, 0, 1, 1, 0, 0, 0], 0, ([6, 0, 6], [8, 8, 0, 0]), [3, 2, 0], [0, 0]]
['dev.corruptedark.openchaoschess_53', 0, [0, 0, 0, 0, 0, 0, 0, 0], 0, ([0, 0, 0], [0, 0, 0, 0]), [0, 0, 0], [0, 0]]
['com.silentlexx.instead_16109', 1, [0, 0, 1, 0, 0, 0, 0, 0], 0, ([10, 10, 0], [26, 26, 0, 0]), [5, 2, 2], [0, 0]]
['com.hexad.bluezime_20', 0, [0, 0, 0, 0, 0, 0, 0, 0], 0, ([0, 0, 0], [0, 0, 0, 0]), [0, 0, 0], [0, 0]]
['se.danielj.geometridestroyer_2', 1, [0, 1, 1, 0, 0, 0, 0, 0], 0, ([465, 106, 359], [1614, 1526, 0, 88]), [3, 3, 0], [0, 0]]
['com.mobile.bummerzaehler_160', 0, [0, 0, 0, 0, 0, 0, 0, 0], 0, ([0, 0, 0], [0, 0, 0, 0]), [0, 0, 0], [0, 0]]
['org.develz.crawl_33', 1, [1, 1, 0, 1, 1, 0, 0, 0], 0, ([31, 29, 2], [82, 81, 0, 1]), [11, 2, 1], [0, 0]]
['net.artificialworlds.rabbitescape_134', 0, [0, 0, 0, 0, 0, 0, 0, 0], 0, ([0, 0, 0], [0, 0, 0, 0]), [0, 0, 0], [0, 0]]
['com.endeepak.dotsnsquares_5', 0, [0, 0, 0, 0, 0, 0, 0, 0], 0, ([0, 0, 0], [0, 0, 0, 0]), [0, 0, 0], [0, 0]]
['com.emmanuelmess.itsdicey_2', 0, [0, 0, 0, 0, 0, 0, 0, 0], 0, ([0, 0, 0], [0, 0, 0, 0]), [0, 0, 0], [0, 0]]
['com.emmanuelmess.tictactoe_3', 1, [1, 1, 1, 1, 1, 0, 0, 0], 0, ([398, 135, 263], [1380, 1339, 0, 41]), [3, 3, 0], [0, 0]]
['com.github.jameshnsears.chance_102435', 1, [1, 1, 0, 1, 1, 0, 0, 0], 0, ([12, 0, 12], [32, 31, 0, 1]), [2, 1, 1], [0, 0]]
['org.pipoypipagames.cowsrevenge_9', 1, [0, 1, 0, 0, 0, 0, 0, 0], 0, ([23, 23, 0], [75, 70, 0, 5]), [1, 1, 0], [0, 0]]
['org.moire.opensudoku_20250124', 0, [0, 0, 0, 0, 0, 0, 0, 0], 0, ([0, 0, 0], [0, 0, 0, 0]), [0, 0, 0], [0, 0]]
['com.idunnololz.igo_2', 0, [0, 0, 0, 0, 0, 0, 0, 0], 0, ([3, 3, 0], [6, 6, 0, 0]), [0, 0, 0], [0, 0]]
['org.scid.android_55', 0, [0, 0, 0, 0, 0, 0, 0, 0], 0, ([28, 28, 0], [56, 50, 0, 6]), [0, 0, 0], [0, 0]]
['com.quaap.primary_33', 0, [0, 0, 0, 0, 0, 0, 0, 0], 0, ([0, 0, 0], [0, 0, 0, 0]), [0, 0, 0], [0, 0]]
['com.agateau.burgerparty_34', 1, [1, 1, 0, 1, 1, 0, 0, 0], 0, ([58, 58, 0], [321, 282, 0, 39]), [1, 1, 0], [0, 0]]
['fr.pssoftware.scoretarot_20', 0, [0, 0, 0, 0, 0, 0, 0, 0], 0, ([0, 0, 0], [0, 0, 0, 0]), [0, 0, 0], [0, 0]]
['ru.playsoftware.j2meloader_101', 1, [1, 1, 0, 1, 1, 0, 0, 0], 0, ([306, 304, 2], [931, 918, 0, 13]), [14, 6, 2], [0, 0]]
['com.smorgasbork.hotdeath_11', 0, [0, 0, 0, 0, 0, 0, 0, 0], 0, ([0, 0, 0], [0, 0, 0, 0]), [0, 0, 0], [0, 0]]
['com.gpl.rpg.AndorsTrail_79', 0, [0, 0, 0, 0, 0, 0, 0, 0], 0, ([0, 0, 0], [0, 0, 0, 0]), [0, 0, 0], [0, 0]]
['de.bahnhoefe.deutschlands.bahnhofsfotos_93', 0, [0, 0, 0, 0, 0, 0, 0, 0], 0, ([0, 0, 0], [0, 0, 0, 0]), [0, 0, 0], [0, 0]]
['org.jsl.shmp_1', 0, [0, 0, 0, 0, 0, 0, 0, 0], 0, ([0, 0, 0], [0, 0, 0, 0]), [0, 0, 0], [0, 0]]
['org.afrikalan.tuxmath_4', 0, [0, 0, 0, 0, 0, 0, 0, 0], 0, ([0, 0, 0], [0, 0, 0, 0]), [0, 0, 0], [0, 0]]
['com.dozingcatsoftware.cardswithcats_4', 1, [1, 1, 0, 0, 1, 0, 0, 0], 0, ([330, 40, 290], [663, 407, 9, 247]), [2, 0, 1], [0, 0]]
['com.daviancorp.android.monsterhunter3udatabase_5', 0, [0, 0, 0, 0, 0, 0, 0, 0], 0, ([0, 0, 0], [0, 0, 0, 0]), [0, 0, 0], [0, 0]]
['org.flare.app_114', 1, [1, 1, 0, 1, 1, 0, 0, 0], 0, ([50, 42, 8], [134, 133, 0, 1]), [6, 1, 1], [0, 0]]
['cz.hejl.chesswalk_9', 1, [0, 0, 1, 0, 0, 0, 0, 0], 0, ([1, 0, 1], [4, 4, 0, 0]), [1, 1, 0], [0, 0]]
['x653.bullseye_4', 0, [0, 0, 0, 0, 0, 0, 0, 0], 0, ([0, 0, 0], [0, 0, 0, 0]), [0, 0, 0], [0, 0]]
['com.boombuler.games.shift_101', 0, [0, 0, 0, 0, 0, 0, 0, 0], 0, ([179, 1, 178], [621, 621, 0, 0]), [0, 0, 0], [0, 0]]
['io.githubfede0d.planetrider_1', 1, [0, 0, 1, 0, 0, 0, 0, 0], 0, ([20, 20, 0], [63, 58, 0, 5]), [1, 1, 0], [0, 0]]
['org.gnu.itsmoroto.cifrasoletras_10301', 0, [0, 0, 0, 0, 0, 0, 0, 0], 0, ([0, 0, 0], [0, 0, 0, 0]), [0, 0, 0], [0, 0]]
['com.quaap.computationaldemonology_1', 0, [0, 0, 0, 0, 0, 0, 0, 0], 0, ([0, 0, 0], [0, 0, 0, 0]), [0, 0, 0], [0, 0]]
['de.tobiasbielefeld.solitaire_71', 0, [0, 0, 0, 0, 0, 0, 0, 0], 0, ([0, 0, 0], [0, 0, 0, 0]), [0, 0, 0], [0, 0]]
['com.enjoyingfoss.parlera_12', 1, [1, 1, 0, 0, 1, 0, 0, 0], 0, ([38, 4, 34], [143, 127, 1, 15]), [2, 0, 1], [0, 0]]
['org.ogre.browser_19', 1, [0, 0, 0, 1, 0, 0, 0, 0], 1, ([0, 0, 0], [0, 0, 0, 0]), [1, 0, 0], [0, 0]]
['org.ligi.gobandroidhd.ai.gnugo_212', 1, [1, 1, 0, 1, 1, 0, 0, 0], 0, ([2, 2, 0], [4, 4, 0, 0]), [1, 1, 0], [0, 0]]
['org.cuberite.android_15', 0, [0, 0, 0, 0, 0, 0, 0, 0], 0, ([0, 0, 0], [0, 0, 0, 0]), [0, 0, 0], [0, 0]]
['de.mlex.same_1', 0, [0, 0, 0, 0, 0, 0, 0, 0], 0, ([0, 0, 0], [0, 0, 0, 0]), [0, 0, 0], [0, 0]]
['com.shurik.droidzebra_17', 1, [1, 1, 1, 1, 1, 1, 1, 0], 0, ([15, 0, 15], [32, 31, 0, 1]), [1, 1, 0], [0, 0]]
['com.nikola.jakshic.dagger_38', 1, [1, 1, 0, 1, 1, 0, 0, 0], 0, ([61, 61, 0], [200, 197, 0, 3]), [1, 0, 1], [0, 0]]
['org.secuso.privacyfriendlyminesweeper_3', 0, [0, 0, 0, 0, 0, 0, 0, 0], 0, ([0, 0, 0], [0, 0, 0, 0]), [0, 0, 0], [0, 0]]
['de.onyxbits.drudgery_4', 0, [0, 0, 0, 0, 0, 0, 0, 0], 0, ([0, 0, 0], [0, 0, 0, 0]), [0, 0, 0], [0, 0]]
['com.gelakinetic.mtgfam_94', 0, [0, 0, 0, 0, 0, 0, 0, 0], 0, ([0, 0, 0], [0, 0, 0, 0]), [0, 0, 0], [0, 0]]
['org.secuso.privacyfriendlyyahtzeedicer_6', 0, [0, 0, 0, 0, 0, 0, 0, 0], 0, ([0, 0, 0], [0, 0, 0, 0]), [0, 0, 0], [0, 0]]
['org.og8.a1tox_1', 0, [0, 0, 0, 0, 0, 0, 0, 0], 0, ([0, 0, 0], [0, 0, 0, 0]), [0, 0, 0], [0, 0]]
['name.boyle.chris.sgtpuzzles_146', 1, [1, 1, 0, 1, 1, 0, 0, 0], 0, ([35, 5, 30], [73, 54, 0, 19]), [2, 1, 1], [0, 0]]
['com.princeappstudio.tic_tac_toe_4', 1, [1, 1, 0, 0, 1, 0, 0, 0], 0, ([50, 9, 41], [164, 144, 1, 19]), [2, 0, 1], [0, 0]]
['com.github.andremiras.zbarcamdemo_721202524', 1, [0, 1, 0, 0, 0, 0, 0, 0], 0, ([43, 32, 11], [130, 125, 0, 5]), [15, 3, 1], [0, 0]]
['ogz.tripeaks_36', 1, [1, 1, 0, 1, 1, 0, 0, 0], 0, ([15, 15, 0], [62, 52, 0, 10]), [1, 1, 0], [0, 0]]
['net.xenotropic.quizznworldcap_1', 0, [0, 0, 0, 0, 0, 0, 0, 0], 0, ([0, 0, 0], [0, 0, 0, 0]), [0, 0, 0], [0, 0]]
['com.robertmengual.toberquizz_10301', 0, [0, 0, 0, 0, 0, 0, 0, 0], 0, ([0, 0, 0], [0, 0, 0, 0]), [0, 0, 0], [0, 0]]
['is.xyz.vcmi_15201', 1, [1, 0, 0, 0, 0, 0, 0, 0], 0, ([52, 44, 8], [136, 135, 0, 1]), [24, 1, 1], [0, 0]]
['net.ygingras.minutemaze_200', 1, [1, 0, 0, 0, 0, 0, 0, 0], 0, ([37, 37, 0], [129, 115, 7, 7]), [2, 1, 0], [0, 0]]
['org.lufebe16.pysolfc_102130200', 1, [1, 1, 0, 0, 0, 0, 0, 0], 0, ([54, 45, 9], [153, 148, 0, 5]), [11, 2, 1], [0, 0]]
['ardash.lato_1001006', 1, [1, 1, 0, 1, 1, 0, 0, 0], 0, ([57, 57, 0], [175, 160, 0, 15]), [2, 2, 0], [0, 0]]
['org.tof_17', 1, [0, 0, 1, 0, 0, 0, 0, 0], 0, ([10, 1, 9], [15, 15, 0, 0]), [1, 1, 0], [0, 0]]
['io.neurolab_1', 0, [0, 0, 0, 0, 0, 0, 0, 0], 0, ([3520, 348, 3172], [21112, 19249, 0, 1863]), [0, 0, 0], [0, 0]]
['com.phikal.regex_5', 0, [0, 0, 0, 0, 0, 0, 0, 0], 0, ([0, 0, 0], [0, 0, 0, 0]), [0, 0, 0], [0, 0]]
['org.piepmeyer.gauguin_47', 0, [0, 0, 0, 0, 0, 0, 0, 0], 0, ([0, 0, 0], [0, 0, 0, 0]), [0, 0, 0], [0, 0]]
['ir.hsn6.turo_7', 1, [0, 1, 0, 0, 0, 0, 0, 0], 0, ([23, 23, 0], [75, 70, 0, 5]), [1, 1, 0], [0, 0]]
['com.gitea.theoden8.sudaku_9', 1, [1, 1, 0, 0, 1, 0, 0, 0], 0, ([38, 4, 34], [143, 127, 1, 15]), [2, 0, 1], [0, 0]]
['com.goltzkiste.guessaday_8', 0, [0, 0, 0, 0, 0, 0, 0, 0], 0, ([0, 0, 0], [0, 0, 0, 0]), [0, 0, 0], [0, 0]]
['com.vovagorodok.blichess_10', 1, [1, 1, 0, 1, 1, 0, 0, 0], 0, ([6, 0, 6], [8, 8, 0, 0]), [3, 2, 0], [0, 0]]
['de.cwde.freeshisen_17', 0, [0, 0, 0, 0, 0, 0, 0, 0], 0, ([0, 0, 0], [0, 0, 0, 0]), [0, 0, 0], [0, 0]]
['de.pinyto.exalteddicer_4', 0, [0, 0, 0, 0, 0, 0, 0, 0], 0, ([0, 0, 0], [0, 0, 0, 0]), [0, 0, 0], [0, 0]]
['com.jeyries.quake2_21', 1, [0, 1, 1, 0, 0, 0, 0, 0], 0, ([14, 14, 0], [27, 26, 0, 1]), [1, 1, 0], [0, 0]]
['me.anuraag.loveactualized_1', 0, [0, 0, 0, 0, 0, 0, 0, 0], 0, ([0, 0, 0], [0, 0, 0, 0]), [0, 0, 0], [0, 0]]
['sh.fhs.ksre_200', 1, [1, 0, 0, 0, 0, 0, 0, 0], 0, ([52, 40, 12], [143, 138, 0, 5]), [1, 1, 1], [0, 0]]
['org.billthefarmer.gridle_118', 0, [0, 0, 0, 0, 0, 0, 0, 0], 0, ([0, 0, 0], [0, 0, 0, 0]), [0, 0, 0], [0, 0]]
['uk.co.busydoingnothing.anagrams_14', 1, [1, 1, 0, 1, 1, 0, 0, 0], 0, ([17, 0, 17], [50, 48, 0, 2]), [2, 1, 0], [0, 0]]
['de.lsubel.amam_10401', 0, [0, 0, 0, 0, 0, 0, 0, 0], 0, ([0, 0, 0], [0, 0, 0, 0]), [0, 0, 0], [0, 0]]
['app.crossword.yourealwaysbe.forkyz_6000000', 0, [0, 0, 0, 0, 0, 0, 0, 0], 0, ([0, 0, 0], [0, 0, 0, 0]), [0, 0, 0], [0, 0]]
['atm.rocketguardian_1', 1, [1, 1, 1, 1, 1, 0, 0, 0], 0, ([494, 68, 426], [1824, 1725, 0, 99]), [2, 2, 0], [0, 0]]
['ca.rmen.nounours_350', 0, [0, 0, 0, 0, 0, 0, 0, 0], 0, ([0, 0, 0], [0, 0, 0, 0]), [0, 0, 0], [0, 0]]
['com.tjEnterprises.phase10Counter_22', 1, [1, 1, 0, 1, 1, 0, 0, 0], 0, ([12, 0, 12], [32, 31, 0, 1]), [2, 1, 1], [0, 0]]
['io.github.divverent.aaaaxy_105302564', 1, [1, 0, 0, 0, 0, 0, 0, 0], 0, ([34, 29, 5], [74, 69, 0, 5]), [1, 1, 1], [0, 0]]
['se.tube42.kidsmem.android_17', 1, [1, 1, 1, 1, 1, 0, 0, 0], 0, ([296, 133, 163], [1105, 1004, 0, 101]), [2, 2, 0], [0, 0]]
['fluddokt.opsu.android_2', 1, [0, 1, 1, 1, 0, 0, 0, 0], 0, ([285, 122, 163], [1075, 974, 0, 101]), [2, 2, 0], [0, 0]]
['com.gitlab.ardash.appleflinger.android_1005014', 1, [1, 1, 0, 1, 1, 0, 0, 0], 0, ([87, 57, 30], [287, 272, 0, 15]), [3, 3, 0], [0, 0]]
['name.livitski.games.puzzle.android_2', 0, [0, 0, 0, 0, 0, 0, 0, 0], 0, ([0, 0, 0], [0, 0, 0, 0]), [0, 0, 0], [0, 0]]
['edu.rit.poe.atomix_2', 0, [0, 0, 0, 0, 0, 0, 0, 0], 0, ([0, 0, 0], [0, 0, 0, 0]), [0, 0, 0], [0, 0]]
['io.github.yamin8000.dooz_18', 1, [1, 1, 0, 1, 1, 0, 0, 0], 0, ([4, 0, 4], [8, 8, 0, 0]), [1, 1, 0], [0, 0]]
['org.secuso.privacyfriendlymemory_8', 0, [0, 0, 0, 0, 0, 0, 0, 0], 0, ([0, 0, 0], [0, 0, 0, 0]), [0, 0, 0], [0, 0]]
['de.onyxbits.textfiction_11', 0, [0, 0, 0, 0, 0, 0, 0, 0], 0, ([0, 0, 0], [0, 0, 0, 0]), [0, 0, 0], [0, 0]]
['org.stendhalgame.client_1048000', 0, [0, 0, 0, 0, 0, 0, 0, 0], 0, ([0, 0, 0], [0, 0, 0, 0]), [0, 0, 0], [0, 0]]
['org.liri.liri_30105', 1, [1, 1, 0, 1, 1, 0, 0, 0], 0, ([52, 44, 8], [141, 140, 0, 1]), [3, 1, 1], [0, 0]]
['org.opensurge2d.surgeengine_30601', 1, [1, 1, 0, 0, 0, 0, 0, 0], 0, ([19, 0, 19], [52, 52, 0, 0]), [14, 1, 1], [0, 0]]
['com.nicue.onetwo_17', 0, [0, 0, 0, 0, 0, 0, 0, 0], 0, ([0, 0, 0], [0, 0, 0, 0]), [0, 0, 0], [0, 0]]
['zatrit.skinbread_6', 0, [0, 0, 0, 0, 0, 0, 0, 0], 0, ([0, 0, 0], [0, 0, 0, 0]), [0, 0, 0], [0, 0]]
['com.markusborg.test_20', 0, [0, 0, 0, 0, 0, 0, 0, 0], 0, ([0, 0, 0], [0, 0, 0, 0]), [0, 0, 0], [0, 0]]
['com.fisheradelakin.interactivestory_1', 0, [0, 0, 0, 0, 0, 0, 0, 0], 0, ([0, 0, 0], [0, 0, 0, 0]), [0, 0, 0], [0, 0]]
['eu.veldsoft.politrics_1', 0, [0, 0, 0, 0, 0, 0, 0, 0], 0, ([0, 0, 0], [0, 0, 0, 0]), [0, 0, 0], [0, 0]]
['jsettlers.main.android_23002418', 0, [0, 0, 0, 0, 0, 0, 0, 0], 0, ([0, 0, 0], [0, 0, 0, 0]), [0, 0, 0], [0, 0]]
['com.bytehamster.flowitgame_400', 0, [0, 0, 0, 0, 0, 0, 0, 0], 0, ([0, 0, 0], [0, 0, 0, 0]), [0, 0, 0], [0, 0]]
['eth.matteljay.mastermindy_20190923', 0, [0, 0, 0, 0, 0, 0, 0, 0], 0, ([0, 0, 0], [0, 0, 0, 0]), [0, 0, 0], [0, 0]]
['org.happysanta.gd_29', 0, [0, 0, 0, 0, 0, 0, 0, 0], 0, ([0, 0, 0], [0, 0, 0, 0]), [0, 0, 0], [0, 0]]
['net.fercanet.LNM_5', 0, [0, 0, 0, 0, 0, 0, 0, 0], 0, ([0, 0, 0], [0, 0, 0, 0]), [0, 0, 0], [0, 0]]
['de.sudoq_41', 0, [0, 0, 0, 0, 0, 0, 0, 0], 0, ([0, 0, 0], [0, 0, 0, 0]), [0, 0, 0], [0, 0]]
['org.asafonov.blockbuster_11', 0, [0, 0, 0, 0, 0, 0, 0, 0], 0, ([0, 0, 0], [0, 0, 0, 0]), [0, 0, 0], [0, 0]]
['com.gatheringhallstudios.mhworlddatabase_23', 0, [0, 0, 0, 0, 0, 0, 0, 0], 0, ([0, 0, 0], [0, 0, 0, 0]), [0, 0, 0], [0, 0]]
['fr.nogafam.lifecounter_1', 0, [0, 0, 0, 0, 0, 0, 0, 0], 0, ([0, 0, 0], [0, 0, 0, 0]), [0, 0, 0], [0, 0]]
['cc.sovellus.vrcaa_200306', 1, [1, 1, 0, 1, 1, 0, 0, 0], 0, ([8, 0, 8], [24, 23, 0, 1]), [1, 0, 1], [0, 0]]
['net.asceai.meritous_4', 1, [1, 1, 0, 1, 1, 0, 0, 0], 0, ([53, 41, 12], [169, 169, 0, 0]), [6, 3, 2], [0, 0]]
['evil.spin_103', 0, [0, 0, 0, 0, 0, 0, 0, 0], 0, ([0, 0, 0], [0, 0, 0, 0]), [0, 0, 0], [0, 0]]
['com.onetwofivegames.kungfoobarracuda_3', 1, [1, 1, 1, 1, 1, 1, 1, 0], 0, ([0, 0, 0], [0, 0, 0, 0]), [1, 0, 0], [0, 0]]
['de.z11.roboyard_48', 0, [0, 0, 0, 0, 0, 0, 0, 0], 0, ([0, 0, 0], [0, 0, 0, 0]), [0, 0, 0], [0, 0]]
['com.kaeruct.glxy_23', 1, [1, 1, 0, 1, 1, 0, 0, 0], 0, ([58, 58, 0], [321, 282, 0, 39]), [1, 1, 0], [0, 0]]
['de.rainerhock.eightbitwonders_100040', 1, [1, 1, 0, 1, 1, 0, 0, 0], 0, ([28, 1, 27], [104, 98, 0, 6]), [7, 1, 1], [0, 0]]
['com.arxlibertatis_10', 1, [1, 1, 0, 1, 1, 0, 0, 0], 0, ([66, 45, 21], [173, 171, 0, 2]), [7, 2, 2], [0, 0]]
['com.workingagenda.devinettes_3', 0, [0, 0, 0, 0, 0, 0, 0, 0], 0, ([0, 0, 0], [0, 0, 0, 0]), [0, 0, 0], [0, 0]]
['com.dfzlv.gjjlt.caramelos_7', 1, [1, 1, 1, 1, 1, 0, 0, 0], 0, ([562, 136, 426], [1986, 1885, 0, 101]), [3, 3, 0], [0, 0]]
['io.github.alketii.mightyknight_1', 1, [0, 1, 0, 0, 0, 0, 0, 0], 0, ([23, 23, 0], [75, 70, 0, 5]), [1, 1, 0], [0, 0]]
['com.shatteredpixel.shatteredpixeldungeon_802', 1, [1, 1, 0, 1, 1, 0, 0, 0], 0, ([60, 60, 0], [191, 176, 0, 15]), [2, 2, 0], [0, 0]]
['wsdfhjxc.taponium_2', 0, [0, 0, 0, 0, 0, 0, 0, 0], 0, ([0, 0, 0], [0, 0, 0, 0]), [0, 0, 0], [0, 0]]
['com.github.msx80.retrodrawing_4', 1, [1, 1, 0, 0, 0, 0, 0, 0], 0, ([59, 59, 0], [326, 285, 0, 41]), [1, 1, 0], [0, 0]]
['link.standen.michael.fatesheets_8', 0, [0, 0, 0, 0, 0, 0, 0, 0], 0, ([0, 0, 0], [0, 0, 0, 0]), [0, 0, 0], [0, 0]]
['eu.johncasson.meerkatchallenge_1', 0, [0, 0, 0, 0, 0, 0, 0, 0], 0, ([0, 0, 0], [0, 0, 0, 0]), [0, 0, 0], [0, 0]]
['com.controlloid_11', 1, [1, 1, 0, 1, 1, 0, 0, 0], 0, ([192, 131, 61], [491, 418, 0, 73]), [16, 0, 10], [0, 0]]
['com.seavenois.tetris_3', 0, [0, 0, 0, 0, 0, 0, 0, 0], 0, ([0, 0, 0], [0, 0, 0, 0]), [0, 0, 0], [0, 0]]
['ua.gardenapple.itchupdater_20303', 0, [0, 0, 0, 0, 0, 0, 0, 0], 0, ([0, 0, 0], [0, 0, 0, 0]), [0, 0, 0], [0, 0]]
['ru.henridellal.patolli_2', 0, [0, 0, 0, 0, 0, 0, 0, 0], 0, ([0, 0, 0], [0, 0, 0, 0]), [0, 0, 0], [0, 0]]
['com.rechnen.app_20', 0, [0, 0, 0, 0, 0, 0, 0, 0], 0, ([0, 0, 0], [0, 0, 0, 0]), [0, 0, 0], [0, 0]]
['com.hexad.bluezime.hidenabler_1', 0, [0, 0, 0, 0, 0, 0, 0, 0], 0, ([0, 0, 0], [0, 0, 0, 0]), [0, 0, 0], [0, 0]]
['de.stefan_oltmann.kaesekaestchen_19', 0, [0, 0, 0, 0, 0, 0, 0, 0], 0, ([0, 0, 0], [0, 0, 0, 0]), [0, 0, 0], [0, 0]]
['com.limelight_314', 1, [1, 1, 0, 1, 1, 0, 0, 0], 0, ([32, 32, 0], [132, 132, 0, 0]), [1, 1, 0], [0, 0]]
['io.github.martinschneider.juvavum_13', 0, [0, 0, 0, 0, 0, 0, 0, 0], 0, ([6, 0, 6], [16, 14, 0, 2]), [0, 0, 0], [0, 0]]
['io.github.engsergiu.react_4', 0, [0, 0, 0, 0, 0, 0, 0, 0], 0, ([0, 0, 0], [0, 0, 0, 0]), [0, 0, 0], [0, 0]]
['com.kaajjo.libresudoku_21', 1, [1, 1, 0, 1, 1, 0, 0, 0], 0, ([8, 0, 8], [24, 23, 0, 1]), [2, 1, 1], [0, 0]]
['com.github.m374lx.alexvsbus_3', 1, [1, 1, 0, 1, 1, 0, 0, 0], 0, ([0, 0, 0], [0, 0, 0, 0]), [1, 0, 0], [0, 0]]
['org.secuso.privacyfriendly2048_8', 0, [0, 0, 0, 0, 0, 0, 0, 0], 0, ([0, 0, 0], [0, 0, 0, 0]), [0, 0, 0], [0, 0]]
['ru.o2genum.coregame_3', 0, [0, 0, 0, 0, 0, 0, 0, 0], 0, ([0, 0, 0], [0, 0, 0, 0]), [0, 0, 0], [0, 0]]
['com.github.iamrezamousavi.mafia_1', 0, [0, 0, 0, 0, 0, 0, 0, 0], 0, ([0, 0, 0], [0, 0, 0, 0]), [0, 0, 0], [0, 0]]
['com.simonramstedt.yoke_4', 0, [0, 0, 0, 0, 0, 0, 0, 0], 0, ([0, 0, 0], [0, 0, 0, 0]), [0, 0, 0], [0, 0]]
['com.vulnerabbity.geoperion_1', 0, [0, 0, 0, 0, 0, 0, 0, 0], 0, ([0, 0, 0], [0, 0, 0, 0]), [0, 0, 0], [0, 0]]
['im.r_c.android.jigsaw_2', 0, [0, 0, 0, 0, 0, 0, 0, 0], 0, ([0, 0, 0], [0, 0, 0, 0]), [0, 0, 0], [0, 0]]
['com.quaap.phonefonefun_13', 0, [0, 0, 0, 0, 0, 0, 0, 0], 0, ([0, 0, 0], [0, 0, 0, 0]), [0, 0, 0], [0, 0]]
['com.platypus.dicer_5', 0, [0, 0, 0, 0, 0, 0, 0, 0], 0, ([0, 0, 0], [0, 0, 0, 0]), [0, 0, 0], [0, 0]]
['com.games.boardgames.aeonsend_1', 0, [0, 0, 0, 0, 0, 0, 0, 0], 0, ([0, 0, 0], [0, 0, 0, 0]), [0, 0, 0], [0, 0]]
['com.jonglen7.jugglinglab_5', 0, [0, 0, 0, 0, 0, 0, 0, 0], 0, ([0, 0, 0], [0, 0, 0, 0]), [0, 0, 0], [0, 0]]
['com.example.siete_media_3', 1, [1, 1, 0, 0, 1, 0, 0, 0], 0, ([31, 4, 27], [113, 101, 1, 11]), [2, 0, 1], [0, 0]]
['ch.cryptobit.letterbox_1', 0, [0, 0, 0, 0, 0, 0, 0, 0], 0, ([0, 0, 0], [0, 0, 0, 0]), [0, 0, 0], [0, 0]]
['com.swordfish.lemuroid_211', 1, [1, 1, 0, 1, 1, 0, 0, 0], 0, ([31, 31, 0], [68, 60, 0, 8]), [1, 1, 0], [0, 0]]
['at.h4x.awhip_10100', 0, [0, 0, 0, 0, 0, 0, 0, 0], 0, ([0, 0, 0], [0, 0, 0, 0]), [0, 0, 0], [0, 0]]
['com.serwylo.lexica_30018', 0, [0, 0, 0, 0, 0, 0, 0, 0], 0, ([0, 0, 0], [0, 0, 0, 0]), [0, 0, 0], [0, 0]]
['org.legtux.m_316k.taptheblacktiles_2', 0, [0, 0, 0, 0, 0, 0, 0, 0], 0, ([0, 0, 0], [0, 0, 0, 0]), [0, 0, 0], [0, 0]]
['com.team242.robozzle_61', 0, [0, 0, 0, 0, 0, 0, 0, 0], 0, ([0, 0, 0], [0, 0, 0, 0]), [0, 0, 0], [0, 0]]
['com.bagaturchess_138', 0, [0, 0, 0, 0, 0, 0, 0, 0], 0, ([5, 5, 0], [39, 39, 0, 0]), [0, 0, 0], [0, 0]]
['com.gravityplay_117', 0, [0, 0, 0, 0, 0, 0, 0, 0], 0, ([0, 0, 0], [0, 0, 0, 0]), [0, 0, 0], [0, 0]]
['org.emunix.unipatcher_170300', 0, [0, 0, 0, 0, 0, 0, 0, 0], 0, ([0, 0, 0], [0, 0, 0, 0]), [0, 0, 0], [0, 0]]
['x653.all_in_gold_12', 0, [0, 0, 0, 0, 0, 0, 0, 0], 0, ([0, 0, 0], [0, 0, 0, 0]), [0, 0, 0], [0, 0]]
['com.thefonz.ed_tool_1', 0, [0, 0, 0, 0, 0, 0, 0, 0], 0, ([0, 0, 0], [0, 0, 0, 0]), [0, 0, 0], [0, 0]]
['hr.kravarscan.enchantedfortress_16', 0, [0, 0, 0, 0, 0, 0, 0, 0], 0, ([0, 0, 0], [0, 0, 0, 0]), [0, 0, 0], [0, 0]]
['eu.veldsoft.fish.rings_4', 0, [0, 0, 0, 0, 0, 0, 0, 0], 0, ([0, 0, 0], [0, 0, 0, 0]), [0, 0, 0], [0, 0]]
['com.monead.games.android.sequence_21', 0, [0, 0, 0, 0, 0, 0, 0, 0], 0, ([0, 0, 0], [0, 0, 0, 0]), [0, 0, 0], [0, 0]]
['jwtc.android.chess_203', 1, [1, 1, 0, 1, 1, 0, 0, 0], 0, ([44, 0, 44], [80, 80, 0, 0]), [1, 1, 1], [0, 0]]
['android.game.prboom_31', 1, [0, 0, 1, 0, 0, 0, 0, 0], 0, ([3, 3, 0], [9, 9, 0, 0]), [1, 1, 0], [0, 0]]
['com.ridgelineapps.resdicegame_16', 0, [0, 0, 0, 0, 0, 0, 0, 0], 0, ([0, 0, 0], [0, 0, 0, 0]), [0, 0, 0], [0, 0]]
['eu.veldsoft.hungarian.rings_5', 0, [0, 0, 0, 0, 0, 0, 0, 0], 0, ([0, 0, 0], [0, 0, 0, 0]), [0, 0, 0], [0, 0]]
['com.clicc_32', 0, [0, 0, 0, 0, 0, 0, 0, 0], 0, ([0, 0, 0], [0, 0, 0, 0]), [0, 0, 0], [0, 0]]
['org.secuso.privacyfriendlyludo_7', 0, [0, 0, 0, 0, 0, 0, 0, 0], 0, ([0, 0, 0], [0, 0, 0, 0]), [0, 0, 0], [0, 0]]
['com.chessclock.android_31', 0, [0, 0, 0, 0, 0, 0, 0, 0], 0, ([0, 0, 0], [0, 0, 0, 0]), [0, 0, 0], [0, 0]]
['com.sandeel.bushidoblocks_13', 1, [0, 1, 1, 0, 0, 0, 0, 0], 0, ([406, 48, 358], [1485, 1400, 0, 85]), [2, 2, 0], [0, 0]]
['me.sergiotarxz.bedrockstation.pro_3', 0, [0, 0, 0, 0, 0, 0, 0, 0], 0, ([0, 0, 0], [0, 0, 0, 0]), [0, 0, 0], [0, 0]]
['org.mupen64plusae.v3.alpha_246', 1, [1, 1, 0, 1, 1, 0, 0, 0], 0, ([73, 73, 0], [331, 266, 0, 65]), [22, 4, 4], [0, 0]]
['io.github.hathibelagal.eidetic_4', 0, [0, 0, 0, 0, 0, 0, 0, 0], 0, ([0, 0, 0], [0, 0, 0, 0]), [0, 0, 0], [0, 0]]
['ir.hsn6.k2_2', 1, [0, 1, 0, 0, 0, 0, 0, 0], 0, ([23, 23, 0], [75, 70, 0, 5]), [1, 1, 0], [0, 0]]
['fr.xtof54.dragonGoApp_10', 0, [0, 0, 0, 0, 0, 0, 0, 0], 0, ([0, 0, 0], [0, 0, 0, 0]), [0, 0, 0], [0, 0]]
['com.opendoorstudios.ds4droid_463', 1, [0, 1, 0, 0, 0, 0, 0, 0], 0, ([36, 36, 0], [79, 76, 0, 3]), [4, 4, 0], [0, 0]]
['io.itch.pirate_solitaire_3', 1, [1, 0, 0, 0, 0, 0, 0, 0], 0, ([36, 36, 0], [126, 112, 7, 7]), [2, 1, 0], [0, 0]]
['com.movietrivia.filmfacts_2', 1, [1, 1, 0, 1, 1, 0, 0, 0], 0, ([0, 0, 0], [0, 0, 0, 0]), [1, 1, 0], [0, 0]]
['com.cradle.iitc_mobile_104', 0, [0, 0, 0, 0, 0, 0, 0, 0], 0, ([0, 0, 0], [0, 0, 0, 0]), [0, 0, 0], [0, 0]]
['com.nima.guessthatpokemon_3', 0, [0, 0, 0, 0, 0, 0, 0, 0], 0, ([0, 0, 0], [0, 0, 0, 0]), [0, 0, 0], [0, 0]]
['com.autismprime.fall_2', 0, [0, 0, 0, 0, 0, 0, 0, 0], 0, ([0, 0, 0], [0, 0, 0, 0]), [0, 0, 0], [0, 0]]
['me.mgerdes.open_golf_1', 1, [1, 1, 0, 1, 1, 0, 0, 0], 1, ([0, 0, 0], [0, 0, 0, 0]), [1, 0, 0], [0, 0]]
['com.quaap.dodatheexploda_3', 0, [0, 0, 0, 0, 0, 0, 0, 0], 0, ([0, 0, 0], [0, 0, 0, 0]), [0, 0, 0], [0, 0]]
['com.DartChecker_40', 0, [0, 0, 0, 0, 0, 0, 0, 0], 0, ([0, 0, 0], [0, 0, 0, 0]), [0, 0, 0], [0, 0]]
['com.crawlmb_38', 1, [1, 1, 0, 1, 1, 0, 0, 0], 0, ([2, 0, 2], [3, 3, 0, 0]), [1, 1, 0], [0, 0]]
['com.karin.idTech4Amm_11059', 1, [1, 1, 0, 0, 0, 0, 0, 0], 0, ([37, 37, 0], [96, 93, 0, 3]), [100, 1, 2], [0, 0]]
['eu.veldsoft.svarka.odds.calculator_3', 0, [0, 0, 0, 0, 0, 0, 0, 0], 0, ([0, 0, 0], [0, 0, 0, 0]), [0, 0, 0], [0, 0]]
['in.p1x.tanks_of_freedom_20', 1, [0, 1, 0, 0, 0, 0, 0, 0], 0, ([22, 22, 0], [71, 66, 0, 5]), [1, 1, 0], [0, 0]]
['com.eightsines.firestrike.opensource_2000', 1, [1, 1, 0, 1, 1, 0, 0, 0], 0, ([2, 2, 0], [10, 10, 0, 0]), [1, 1, 0], [0, 0]]
['com.ranger.blastoff_100014', 1, [1, 1, 0, 0, 0, 0, 0, 0], 0, ([35, 35, 0], [127, 113, 7, 7]), [2, 1, 0], [0, 0]]
['org.beide.bomber_1', 0, [0, 0, 0, 0, 0, 0, 0, 0], 0, ([0, 0, 0], [0, 0, 0, 0]), [0, 0, 0], [0, 0]]
['org.openttd.fdroid_1410128', 1, [1, 1, 0, 1, 1, 0, 0, 0], 0, ([54, 43, 11], [172, 172, 0, 0]), [12, 4, 2], [0, 0]]
['com.dede.android_eggs_57', 1, [1, 1, 0, 1, 1, 0, 0, 0], 0, ([8, 0, 8], [24, 23, 0, 1]), [1, 0, 1], [0, 0]]
['com.alaskalinuxuser.criticalvelocity_10', 1, [1, 1, 1, 1, 1, 0, 0, 0], 0, ([494, 68, 426], [1826, 1727, 0, 99]), [2, 2, 0], [0, 0]]
['io.gitlab.derjosef.jigsaw_10002', 1, [1, 0, 0, 0, 0, 0, 0, 0], 0, ([36, 36, 0], [128, 114, 7, 7]), [2, 1, 0], [0, 0]]
['net.damsy.soupeaucaillou.heriswap_1603042149', 1, [0, 1, 0, 1, 0, 0, 0, 0], 0, ([14, 14, 0], [22, 22, 0, 0]), [1, 1, 0], [0, 0]]
['org.evilsoft.pathfinder.reference_38', 0, [0, 0, 0, 0, 0, 0, 0, 0], 0, ([0, 0, 0], [0, 0, 0, 0]), [0, 0, 0], [0, 0]]
['io.gitlab.selosh.gametrader_1', 1, [1, 1, 0, 0, 1, 0, 0, 0], 0, ([41, 4, 37], [152, 135, 1, 16]), [2, 0, 1], [0, 0]]
['com.metallic.chiaki_12', 1, [1, 1, 0, 1, 1, 0, 0, 0], 0, ([18, 18, 0], [53, 39, 0, 14]), [1, 1, 1], [0, 0]]
['io.anuke.mindustry_1070', 1, [1, 1, 0, 1, 1, 0, 0, 0], 0, ([156, 156, 0], [438, 413, 0, 25]), [2, 2, 0], [0, 0]]
['com.nolanlawson.keepscore_28', 0, [0, 0, 0, 0, 0, 0, 0, 0], 0, ([0, 0, 0], [0, 0, 0, 0]), [0, 0, 0], [0, 0]]
['ru.henridellal.fsassist_5', 0, [0, 0, 0, 0, 0, 0, 0, 0], 0, ([0, 0, 0], [0, 0, 0, 0]), [0, 0, 0], [0, 0]]
['de.rmrf.partygames_20000', 0, [0, 0, 0, 0, 0, 0, 0, 0], 0, ([0, 0, 0], [0, 0, 0, 0]), [0, 0, 0], [0, 0]]
['sk.halmi.fbeditplus_13', 0, [0, 0, 0, 0, 0, 0, 0, 0], 0, ([0, 0, 0], [0, 0, 0, 0]), [0, 0, 0], [0, 0]]
['de.tcrass.minos_10004', 0, [0, 0, 0, 0, 0, 0, 0, 0], 0, ([0, 0, 0], [0, 0, 0, 0]), [0, 0, 0], [0, 0]]
['de.tadris.flang_10', 0, [0, 0, 0, 0, 0, 0, 0, 0], 0, ([0, 0, 0], [0, 0, 0, 0]), [0, 0, 0], [0, 0]]
['de.sesu8642.feudaltactics_11', 1, [1, 1, 0, 1, 1, 0, 0, 0], 0, ([127, 127, 0], [486, 443, 0, 43]), [2, 2, 0], [0, 0]]
['org.kirkezz.rttt_1', 1, [1, 0, 0, 0, 0, 0, 0, 0], 0, ([52, 44, 8], [141, 140, 0, 1]), [3, 1, 1], [0, 0]]
['ch.simonste.jasstafel_68', 1, [1, 1, 0, 0, 1, 0, 0, 0], 0, ([105, 25, 80], [272, 189, 5, 78]), [2, 0, 1], [0, 0]]
['atm.starun.game_121', 1, [1, 1, 1, 1, 1, 0, 0, 0], 0, ([296, 133, 163], [1103, 1002, 0, 101]), [2, 2, 0], [0, 0]]
['eu.veldsoft.free.klondike_2', 0, [0, 0, 0, 0, 0, 0, 0, 0], 0, ([0, 0, 0], [0, 0, 0, 0]), [0, 0, 0], [0, 0]]
['org.androidsoft.games.slowit_11', 0, [0, 0, 0, 0, 0, 0, 0, 0], 0, ([0, 0, 0], [0, 0, 0, 0]), [0, 0, 0], [0, 0]]
['com.dirkgassen.wator_1002000', 0, [0, 0, 0, 0, 0, 0, 0, 0], 0, ([0, 0, 0], [0, 0, 0, 0]), [0, 0, 0], [0, 0]]
['de.ub0r.android.portaltimer_7150000', 0, [0, 0, 0, 0, 0, 0, 0, 0], 0, ([0, 0, 0], [0, 0, 0, 0]), [0, 0, 0], [0, 0]]
['net.artificialworlds.boxstacker_1050900', 0, [0, 0, 0, 0, 0, 0, 0, 0], 0, ([0, 0, 0], [0, 0, 0, 0]), [0, 0, 0], [0, 0]]
['com.studio332.flickit.android_4', 1, [0, 1, 1, 1, 0, 0, 0, 0], 0, ([470, 68, 402], [1738, 1639, 0, 99]), [2, 2, 0], [0, 0]]
['dev.alexjyong.babbypaint_6', 0, [0, 0, 0, 0, 0, 0, 0, 0], 0, ([0, 0, 0], [0, 0, 0, 0]), [0, 0, 0], [0, 0]]
['org.ligi.gobandroid_hd_259', 0, [0, 0, 0, 0, 0, 0, 0, 0], 0, ([0, 0, 0], [0, 0, 0, 0]), [0, 0, 0], [0, 0]]
['fr.bux.rollingdashboard_4', 0, [0, 0, 0, 0, 0, 0, 0, 0], 0, ([0, 0, 0], [0, 0, 0, 0]), [0, 0, 0], [0, 0]]
['eu.quelltext.counting_3', 0, [0, 0, 0, 0, 0, 0, 0, 0], 0, ([0, 0, 0], [0, 0, 0, 0]), [0, 0, 0], [0, 0]]
['jp.sawada.np2android_20130429', 1, [0, 1, 1, 0, 0, 1, 0, 0], 0, ([11, 11, 0], [27, 27, 0, 0]), [2, 2, 2], [0, 0]]
['fr.odrevet.kingdomino_score_count_26', 1, [1, 1, 0, 0, 1, 0, 0, 0], 0, ([94, 18, 76], [243, 176, 4, 63]), [2, 0, 1], [0, 0]]
['io.hoppe.whohere_4', 0, [0, 0, 0, 0, 0, 0, 0, 0], 0, ([0, 0, 0], [0, 0, 0, 0]), [0, 0, 0], [0, 0]]
['cos.premy.mines_12', 0, [0, 0, 0, 0, 0, 0, 0, 0], 0, ([0, 0, 0], [0, 0, 0, 0]), [0, 0, 0], [0, 0]]
['net.damsy.soupeaucaillou.recursiveRunner_1410222222', 1, [0, 1, 0, 1, 0, 0, 0, 0], 0, ([17, 17, 0], [29, 29, 0, 0]), [1, 1, 0], [0, 0]]
['org.systemcall.scores_2', 0, [0, 0, 0, 0, 0, 0, 0, 0], 0, ([0, 0, 0], [0, 0, 0, 0]), [0, 0, 0], [0, 0]]
['org.secuso.privacyfriendlydame_4', 0, [0, 0, 0, 0, 0, 0, 0, 0], 0, ([0, 0, 0], [0, 0, 0, 0]), [0, 0, 0], [0, 0]]
['com.wikaba.ogapp_2', 0, [0, 0, 0, 0, 0, 0, 0, 0], 0, ([0, 0, 0], [0, 0, 0, 0]), [0, 0, 0], [0, 0]]
['com.roguetemple.hydroid_1500', 1, [0, 0, 1, 0, 0, 0, 0, 0], 0, ([2, 0, 2], [3, 3, 0, 0]), [1, 1, 0], [0, 0]]
['de.mwvb.blockpuzzle_70', 0, [0, 0, 0, 0, 0, 0, 0, 0], 0, ([0, 0, 0], [0, 0, 0, 0]), [0, 0, 0], [0, 0]]
['v4lpt.vpt.f005.rsd_104', 0, [0, 0, 0, 0, 0, 0, 0, 0], 0, ([0, 0, 0], [0, 0, 0, 0]), [0, 0, 0], [0, 0]]
['com.sapos_aplastados.game.clash_of_balls_111', 1, [0, 0, 1, 0, 0, 0, 0, 0], 0, ([115, 50, 65], [327, 252, 0, 75]), [1, 1, 1], [0, 0]]
['com.github.muellerma.tabletoptools_30', 0, [0, 0, 0, 0, 0, 0, 0, 0], 0, ([0, 0, 0], [0, 0, 0, 0]), [0, 0, 0], [0, 0]]
['zen.meditation.android_1644109', 0, [0, 0, 0, 0, 0, 0, 0, 0], 0, ([0, 0, 0], [0, 0, 0, 0]), [0, 0, 0], [0, 0]]
['org.olgsoft.apipepanic_21', 0, [0, 0, 0, 0, 0, 0, 0, 0], 0, ([0, 0, 0], [0, 0, 0, 0]), [0, 0, 0], [0, 0]]
['it.alessandropira.wesnoth114_10', 1, [0, 1, 0, 0, 0, 0, 0, 0], 0, ([36, 23, 13], [110, 109, 0, 1]), [21, 2, 1], [0, 0]]
['com.dozingcatsoftware.dodge_10', 0, [0, 0, 0, 0, 0, 0, 0, 0], 0, ([0, 0, 0], [0, 0, 0, 0]), [0, 0, 0], [0, 0]]
['com.zagayevskiy.pacman_2', 1, [0, 0, 1, 0, 0, 0, 0, 0], 0, ([7, 7, 0], [18, 15, 0, 3]), [1, 1, 0], [0, 0]]
['org.jtb.droidlife_22', 0, [0, 0, 0, 0, 0, 0, 0, 0], 0, ([0, 0, 0], [0, 0, 0, 0]), [0, 0, 0], [0, 0]]
['ru.wohlsoft.thextech.fdroid_1030700', 1, [1, 1, 0, 1, 1, 0, 0, 0], 0, ([58, 50, 8], [156, 155, 0, 1]), [1, 1, 1], [0, 0]]
['org.zamedev.gloomydungeons2.opensource_1602221800', 1, [1, 1, 1, 1, 1, 1, 1, 0], 0, ([2, 2, 0], [10, 10, 0, 0]), [1, 1, 0], [0, 0]]
['ru.zxalexis.ugaday_15', 0, [0, 0, 0, 0, 0, 0, 0, 0], 0, ([0, 0, 0], [0, 0, 0, 0]), [0, 0, 0], [0, 0]]
['eu.tilk.cdlcplayer_6', 0, [0, 0, 0, 0, 0, 0, 0, 0], 0, ([0, 0, 0], [0, 0, 0, 0]), [0, 0, 0], [0, 0]]
['de.onyxbits.pocketbandit_2', 1, [0, 1, 1, 0, 0, 0, 0, 0], 0, ([450, 65, 385], [1613, 1518, 0, 95]), [3, 3, 0], [0, 0]]
['net.gcompris.full_250001', 1, [1, 0, 0, 0, 0, 0, 0, 0], 0, ([118, 99, 19], [325, 305, 0, 20]), [86, 1, 5], [0, 0]]
['org.billthefarmer.solver_109', 0, [0, 0, 0, 0, 0, 0, 0, 0], 0, ([0, 0, 0], [0, 0, 0, 0]), [0, 0, 0], [0, 0]]
['eu.veldsoft.ithaka.board.game_6', 0, [0, 0, 0, 0, 0, 0, 0, 0], 0, ([0, 0, 0], [0, 0, 0, 0]), [0, 0, 0], [0, 0]]
['de.chagemann.regexcrossword_33', 0, [0, 0, 0, 0, 0, 0, 0, 0], 0, ([0, 0, 0], [0, 0, 0, 0]), [0, 0, 0], [0, 0]]
['de.karbach.tac_6', 0, [0, 0, 0, 0, 0, 0, 0, 0], 0, ([0, 0, 0], [0, 0, 0, 0]), [0, 0, 0], [0, 0]]
['eu.roggstar.luigithehunter.dsaassistent_60', 0, [0, 0, 0, 0, 0, 0, 0, 0], 0, ([0, 0, 0], [0, 0, 0, 0]), [0, 0, 0], [0, 0]]
['com.thesuncat.sudoku_4', 1, [1, 1, 0, 0, 1, 0, 0, 0], 0, ([39, 4, 35], [145, 129, 1, 15]), [2, 0, 1], [0, 0]]
['org.eehouse.android.xw4_200', 1, [1, 1, 0, 0, 0, 0, 0, 0], 0, ([221, 218, 3], [702, 553, 0, 149]), [1, 1, 0], [0, 0]]
['com.stoptheballs_120', 0, [0, 0, 0, 0, 0, 0, 0, 0], 0, ([0, 0, 0], [0, 0, 0, 0]), [0, 0, 0], [0, 0]]
['com.sam.hex_16', 0, [0, 0, 0, 0, 0, 0, 0, 0], 0, ([0, 0, 0], [0, 0, 0, 0]), [0, 0, 0], [0, 0]]
['ohm.quickdice_48', 0, [0, 0, 0, 0, 0, 0, 0, 0], 0, ([0, 0, 0], [0, 0, 0, 0]), [0, 0, 0], [0, 0]]
['com.kokkle.gamevirusattack_6', 1, [1, 1, 1, 1, 1, 0, 0, 0], 0, ([330, 67, 263], [1220, 1181, 0, 39]), [2, 2, 0], [0, 0]]
['de.ktran.anno1404warenrechner_1', 1, [1, 1, 1, 1, 1, 0, 0, 0], 0, ([12, 12, 0], [44, 35, 0, 9]), [2, 0, 1], [0, 0]]
['de.neuwirthinformatik.alexander.mtuo_32', 1, [1, 1, 0, 1, 1, 0, 0, 0], 0, ([2, 0, 2], [4, 4, 0, 0]), [2, 1, 0], [0, 0]]
['org.billthefarmer.gurgle_128', 0, [0, 0, 0, 0, 0, 0, 0, 0], 0, ([0, 0, 0], [0, 0, 0, 0]), [0, 0, 0], [0, 0]]
['ardash.doodledudette_1000008', 1, [1, 1, 0, 1, 1, 0, 0, 0], 0, ([17, 17, 0], [71, 61, 0, 10]), [2, 2, 0], [0, 0]]
['io.davidar.fabularium_27', 1, [1, 1, 0, 1, 1, 0, 0, 0], 0, ([12, 12, 0], [30, 26, 0, 4]), [19, 3, 1], [0, 0]]
['ru.lksh.beret_23', 1, [1, 0, 0, 0, 0, 0, 0, 0], 0, ([113, 29, 84], [289, 210, 5, 74]), [4, 1, 1], [0, 0]]
['one.scarecrow.games.OPMT_1', 0, [0, 0, 0, 0, 0, 0, 0, 0], 0, ([0, 0, 0], [0, 0, 0, 0]), [0, 0, 0], [0, 0]]
['koeln.mop.elpeefpe_2', 0, [0, 0, 0, 0, 0, 0, 0, 0], 0, ([0, 0, 0], [0, 0, 0, 0]), [0, 0, 0], [0, 0]]
['org.hekmatof.chesswatch_2', 0, [0, 0, 0, 0, 0, 0, 0, 0], 0, ([0, 0, 0], [0, 0, 0, 0]), [0, 0, 0], [0, 0]]
['com.app2go.sudokufree_3', 0, [0, 0, 0, 0, 0, 0, 0, 0], 0, ([0, 0, 0], [0, 0, 0, 0]), [0, 0, 0], [0, 0]]
['com.chenyifaer.fafarunner_374', 1, [1, 1, 0, 1, 1, 0, 0, 0], 0, ([52, 14, 38], [179, 160, 1, 18]), [4, 1, 1], [0, 0]]
['ru.hugeping.reinstead_9', 1, [1, 1, 0, 1, 1, 0, 0, 0], 0, ([49, 39, 10], [133, 132, 0, 1]), [3, 2, 1], [0, 0]]
['io.theoneapp_214', 1, [0, 0, 0, 0, 1, 0, 0, 0], 0, ([22, 0, 22], [42, 38, 0, 4]), [1, 1, 0], [0, 0]]
['com.ahorcado_7', 1, [1, 1, 0, 0, 1, 0, 0, 0], 0, ([35, 4, 31], [129, 115, 1, 13]), [2, 0, 1], [0, 0]]
['com.jeffliu.balancetheball_4', 0, [0, 0, 0, 0, 0, 0, 0, 0], 0, ([0, 0, 0], [0, 0, 0, 0]), [0, 0, 0], [0, 0]]
['eu.veldsoft.kechi_3', 0, [0, 0, 0, 0, 0, 0, 0, 0], 0, ([0, 0, 0], [0, 0, 0, 0]), [0, 0, 0], [0, 0]]
['com.rocket9labs.boxcars_104070', 1, [1, 1, 0, 1, 1, 0, 0, 0], 0, ([28, 24, 4], [65, 61, 0, 4]), [1, 1, 1], [0, 0]]
['org.secuso.privacyfriendlysolitaire_4', 1, [1, 1, 1, 1, 1, 0, 0, 0], 0, ([494, 68, 426], [1828, 1729, 0, 99]), [1, 1, 0], [0, 0]]
['com.sdcardstoryteller_3', 0, [0, 0, 0, 0, 0, 0, 0, 0], 0, ([0, 0, 0], [0, 0, 0, 0]), [0, 0, 0], [0, 0]]
['pro.oneredpixel.l9droid_4', 0, [0, 0, 0, 0, 0, 0, 0, 0], 0, ([0, 0, 0], [0, 0, 0, 0]), [0, 0, 0], [0, 0]]
['net.retiolus.cigalo_12', 0, [0, 0, 0, 0, 0, 0, 0, 0], 0, ([0, 0, 0], [0, 0, 0, 0]), [0, 0, 0], [0, 0]]
['com.nesbox.tic_10100', 1, [1, 0, 0, 0, 0, 0, 0, 0], 0, ([50, 42, 8], [134, 133, 0, 1]), [1, 1, 1], [0, 0]]
['com.qsp.player_201', 1, [0, 0, 1, 0, 0, 0, 0, 0], 0, ([44, 0, 44], [79, 71, 0, 8]), [1, 1, 0], [0, 0]]
['com.swiss.tournament_1', 0, [0, 0, 0, 0, 0, 0, 0, 0], 0, ([0, 0, 0], [0, 0, 0, 0]), [0, 0, 0], [0, 0]]
['com.vladrip.drgassistant_4', 0, [0, 0, 0, 0, 0, 0, 0, 0], 0, ([0, 0, 0], [0, 0, 0, 0]), [0, 0, 0], [0, 0]]
['cz.mendelu.xmarik.train_manager_28', 0, [0, 0, 0, 0, 0, 0, 0, 0], 0, ([0, 0, 0], [0, 0, 0, 0]), [0, 0, 0], [0, 0]]
['org.supertuxkart.stk_312', 1, [1, 1, 0, 1, 1, 0, 0, 0], 0, ([59, 49, 10], [163, 162, 0, 1]), [2, 1, 1], [0, 0]]
['com.serwylo.beatgame_35', 1, [1, 1, 0, 1, 1, 0, 0, 0], 0, ([16, 16, 0], [67, 57, 0, 10]), [1, 1, 0], [0, 0]]
['it.ecosw.dudo_20', 0, [0, 0, 0, 0, 0, 0, 0, 0], 0, ([0, 0, 0], [0, 0, 0, 0]), [0, 0, 0], [0, 0]]
['de.com.quaap.primary_331', 0, [0, 0, 0, 0, 0, 0, 0, 0], 0, ([0, 0, 0], [0, 0, 0, 0]), [0, 0, 0], [0, 0]]
['com.kaeruct.raumballer_3', 0, [0, 0, 0, 0, 0, 0, 0, 0], 0, ([0, 0, 0], [0, 0, 0, 0]), [0, 0, 0], [0, 0]]
['com.hexbit.rutmath_5', 0, [0, 0, 0, 0, 0, 0, 0, 0], 0, ([0, 0, 0], [0, 0, 0, 0]), [0, 0, 0], [0, 0]]
['net.minetest.minetest_5100000', 1, [1, 1, 0, 1, 1, 0, 0, 0], 0, ([53, 44, 9], [142, 141, 0, 1]), [2, 1, 1], [0, 0]]
['xyz.deepdaikon.xeonjia_21', 1, [1, 1, 0, 0, 1, 0, 0, 0], 0, ([38, 4, 34], [143, 127, 1, 15]), [2, 0, 1], [0, 0]]
['dev.lucanlm.antimine_1706031', 1, [1, 1, 0, 1, 1, 0, 0, 0], 0, ([16, 15, 1], [70, 60, 0, 10]), [2, 2, 0], [0, 0]]
['com.ghstudios.android.mhgendatabase_21', 0, [0, 0, 0, 0, 0, 0, 0, 0], 0, ([0, 0, 0], [0, 0, 0, 0]), [0, 0, 0], [0, 0]]
['com.bithack.principia_38', 1, [1, 1, 0, 0, 1, 0, 0, 0], 0, ([173, 165, 8], [408, 406, 0, 2]), [1, 1, 1], [0, 0]]
['page.codeberg.terratactician_expandoria_26', 1, [1, 0, 0, 0, 0, 0, 0, 0], 0, ([0, 0, 0], [0, 0, 0, 0]), [2, 0, 0], [0, 0]]
['org.asafonov.accelerace_8', 0, [0, 0, 0, 0, 0, 0, 0, 0], 0, ([0, 0, 0], [0, 0, 0, 0]), [0, 0, 0], [0, 0]]
['com.planes.android_30', 0, [0, 0, 0, 0, 0, 0, 0, 0], 0, ([0, 0, 0], [0, 0, 0, 0]), [0, 0, 0], [0, 0]]
['org.secuso.privacyfriendlyrecknoningskills_5', 0, [0, 0, 0, 0, 0, 0, 0, 0], 0, ([0, 0, 0], [0, 0, 0, 0]), [0, 0, 0], [0, 0]]
['com.simondalvai.pocketbroomball_96', 1, [1, 1, 0, 0, 0, 0, 0, 0], 0, ([36, 36, 0], [123, 111, 7, 5]), [2, 1, 0], [0, 0]]
['com.game.asteroids_revenge_100122', 1, [0, 0, 0, 1, 1, 0, 0, 0], 0, ([37, 37, 0], [129, 115, 7, 7]), [2, 1, 0], [0, 0]]
['pl.suve.colorful.android_20200', 1, [1, 1, 0, 1, 1, 0, 0, 0], 0, ([50, 40, 10], [136, 135, 0, 1]), [4, 1, 1], [0, 0]]
['de.asmw.sudokunst_2', 1, [0, 1, 0, 0, 0, 0, 0, 0], 0, ([77, 77, 0], [207, 190, 1, 16]), [38, 1, 2], [0, 0]]
['eu.veldsoft.tuty.fruty.slot_3', 0, [0, 0, 0, 0, 0, 0, 0, 0], 0, ([0, 0, 0], [0, 0, 0, 0]), [0, 0, 0], [0, 0]]
['org.bobstuff.bobball_26', 0, [0, 0, 0, 0, 0, 0, 0, 0], 0, ([0, 0, 0], [0, 0, 0, 0]), [0, 0, 0], [0, 0]]
['info.staticfree.android.robotfindskitten_7', 0, [0, 0, 0, 0, 0, 0, 0, 0], 0, ([0, 0, 0], [0, 0, 0, 0]), [0, 0, 0], [0, 0]]
['com.igormaznitsa.piratedice_3', 0, [0, 0, 0, 0, 0, 0, 0, 0], 0, ([0, 0, 0], [0, 0, 0, 0]), [0, 0, 0], [0, 0]]
['com.mobilepearls.sokoban_14', 0, [0, 0, 0, 0, 0, 0, 0, 0], 0, ([0, 0, 0], [0, 0, 0, 0]), [0, 0, 0], [0, 0]]
['br.odb.knights_5', 1, [1, 1, 1, 1, 1, 1, 1, 0], 0, ([19, 19, 0], [36, 34, 0, 2]), [1, 1, 0], [0, 0]]
['com.trianguloy.adnihilation_3', 0, [0, 0, 0, 0, 0, 0, 0, 0], 0, ([0, 0, 0], [0, 0, 0, 0]), [0, 0, 0], [0, 0]]
['de.beisteiners.spieleblock_45', 0, [0, 0, 0, 0, 0, 0, 0, 0], 0, ([0, 0, 0], [0, 0, 0, 0]), [0, 0, 0], [0, 0]]
['dev.develsinthedetails.eatpoopyoucat_23', 0, [0, 0, 0, 0, 0, 0, 0, 0], 0, ([0, 0, 0], [0, 0, 0, 0]), [0, 0, 0], [0, 0]]
['org.scoutant.cc_1', 0, [0, 0, 0, 0, 0, 0, 0, 0], 0, ([0, 0, 0], [0, 0, 0, 0]), [0, 0, 0], [0, 0]]
['com.tum.yahtzee_2', 0, [0, 0, 0, 0, 0, 0, 0, 0], 0, ([0, 0, 0], [0, 0, 0, 0]), [0, 0, 0], [0, 0]]
['net.pejici.easydice_11', 0, [0, 0, 0, 0, 0, 0, 0, 0], 0, ([0, 0, 0], [0, 0, 0, 0]), [0, 0, 0], [0, 0]]
['eu.webdragon.storygame_10', 0, [0, 0, 0, 0, 0, 0, 0, 0], 0, ([0, 0, 0], [0, 0, 0, 0]), [0, 0, 0], [0, 0]]
['com.unciv.app_1097', 1, [1, 1, 0, 1, 1, 0, 0, 0], 0, ([59, 59, 0], [326, 285, 0, 41]), [1, 1, 0], [0, 0]]
['org.andstatus.game2048_44', 0, [0, 0, 0, 0, 0, 0, 0, 0], 0, ([0, 0, 0], [0, 0, 0, 0]), [0, 0, 0], [0, 0]]
['S.N.A.K.E_1000001', 0, [0, 0, 0, 0, 0, 0, 0, 0], 0, ([0, 0, 0], [0, 0, 0, 0]), [0, 0, 0], [0, 0]]
['com.dkanada.chip_2', 0, [0, 0, 0, 0, 0, 0, 0, 0], 0, ([0, 0, 0], [0, 0, 0, 0]), [0, 0, 0], [0, 0]]
['se.tube42.p9.android_11', 1, [1, 1, 1, 1, 1, 0, 0, 0], 0, ([296, 133, 163], [1105, 1004, 0, 101]), [2, 2, 0], [0, 0]]
['org.scotthamilton.trollslate_30000000', 0, [0, 0, 0, 0, 0, 0, 0, 0], 0, ([0, 0, 0], [0, 0, 0, 0]), [0, 0, 0], [0, 0]]
['com.willie.mancala_10', 0, [0, 0, 0, 0, 0, 0, 0, 0], 0, ([0, 0, 0], [0, 0, 0, 0]), [0, 0, 0], [0, 0]]
['dev.obfusk.sokobang_1000205002', 1, [1, 0, 0, 0, 0, 0, 0, 0], 0, ([4, 3, 1], [17, 12, 0, 5]), [6, 1, 1], [0, 0]]
['com.brucelet.spacetrader_23', 0, [0, 0, 0, 0, 0, 0, 0, 0], 0, ([0, 0, 0], [0, 0, 0, 0]), [0, 0, 0], [0, 0]]
['de.fgerbig.spacepeng_1581', 1, [0, 1, 1, 1, 0, 0, 0, 0], 0, ([228, 65, 163], [943, 844, 0, 99]), [1, 1, 0], [0, 0]]
['com.lecz.android.tiltmazes_3', 0, [0, 0, 0, 0, 0, 0, 0, 0], 0, ([0, 0, 0], [0, 0, 0, 0]), [0, 0, 0], [0, 0]]
['com.serwylo.retrowars_70', 1, [1, 1, 0, 1, 1, 0, 0, 0], 0, ([241, 241, 0], [806, 750, 0, 56]), [1, 1, 0], [0, 0]]
['org.androidsoft.games.puzzle.kids_6', 0, [0, 0, 0, 0, 0, 0, 0, 0], 0, ([0, 0, 0], [0, 0, 0, 0]), [0, 0, 0], [0, 0]]
['de.duenndns.gmdice_10', 0, [0, 0, 0, 0, 0, 0, 0, 0], 0, ([0, 0, 0], [0, 0, 0, 0]), [0, 0, 0], [0, 0]]
['com.marv42.ebt.newnote_7900', 1, [1, 1, 0, 1, 1, 0, 0, 0], 0, ([12, 4, 8], [33, 32, 0, 1]), [4, 2, 2], [0, 0]]
['net.nullsum.freedoom_20', 1, [1, 0, 0, 0, 0, 0, 0, 0], 0, ([39, 37, 2], [106, 104, 0, 2]), [5, 3, 3], [0, 0]]
['org.valos.isolmoa_2', 0, [0, 0, 0, 0, 0, 0, 0, 0], 0, ([0, 0, 0], [0, 0, 0, 0]), [0, 0, 0], [0, 0]]
['dev.j7126.who_goes_first_3', 1, [1, 1, 0, 0, 1, 0, 0, 0], 0, ([118, 23, 95], [289, 199, 5, 85]), [2, 0, 1], [0, 0]]
['com.traffar.gomoku_4', 1, [0, 1, 1, 1, 0, 0, 0, 0], 0, ([22, 20, 2], [59, 59, 0, 0]), [4, 2, 1], [0, 0]]
['com.agateau.tinywheels.android_30', 1, [1, 1, 1, 1, 1, 0, 0, 0], 0, ([392, 129, 263], [1364, 1323, 0, 41]), [3, 3, 0], [0, 0]]
['org.secuso.privacyfriendlydicer_11', 0, [0, 0, 0, 0, 0, 0, 0, 0], 0, ([0, 0, 0], [0, 0, 0, 0]), [0, 0, 0], [0, 0]]
['com.GTP.eveminer_19', 0, [0, 0, 0, 0, 0, 0, 0, 0], 0, ([0, 0, 0], [0, 0, 0, 0]), [0, 0, 0], [0, 0]]
['eu.dartstrainer.app.twa_1', 0, [0, 0, 0, 0, 0, 0, 0, 0], 0, ([0, 0, 0], [0, 0, 0, 0]), [0, 0, 0], [0, 0]]
['com.github.thewierdnut.endless_mobile_47', 1, [1, 1, 0, 0, 0, 0, 0, 0], 0, ([50, 40, 10], [136, 135, 0, 1]), [1, 1, 1], [0, 0]]
['xyz.deepdaikon.zoysii_15', 1, [1, 1, 0, 0, 1, 0, 0, 0], 0, ([99, 20, 79], [257, 189, 4, 64]), [2, 0, 1], [0, 0]]
['futuristicgoo.emotic_63', 1, [0, 0, 0, 0, 1, 0, 0, 0], 0, ([42, 4, 38], [152, 135, 1, 16]), [3, 0, 1], [0, 0]]
['kaba.yucata.envoy_503', 0, [0, 0, 0, 0, 0, 0, 0, 0], 0, ([0, 0, 0], [0, 0, 0, 0]), [0, 0, 0], [0, 0]]
['eu.veldsoft.dice.overflow_2', 0, [0, 0, 0, 0, 0, 0, 0, 0], 0, ([0, 0, 0], [0, 0, 0, 0]), [0, 0, 0], [0, 0]]
['com.fr.laboussole.track_50020', 1, [1, 1, 0, 1, 1, 0, 0, 0], 0, ([234, 136, 98], [558, 467, 0, 91]), [19, 0, 11], [0, 0]]
['de.hechler.andfish_21', 0, [0, 0, 0, 0, 0, 0, 0, 0], 0, ([0, 0, 0], [0, 0, 0, 0]), [0, 0, 0], [0, 0]]
['pt.joaomneto.titancompanion_67', 0, [0, 0, 0, 0, 0, 0, 0, 0], 0, ([0, 0, 0], [0, 0, 0, 0]), [0, 0, 0], [0, 0]]
['eu.ryuu.screeps_3', 0, [0, 0, 0, 0, 0, 0, 0, 0], 0, ([0, 0, 0], [0, 0, 0, 0]), [0, 0, 0], [0, 0]]
['com.koshai_limited.klock_5', 0, [0, 0, 0, 0, 0, 0, 0, 0], 0, ([0, 0, 0], [0, 0, 0, 0]), [0, 0, 0], [0, 0]]
['com.quaap.fishberserker_23', 0, [0, 0, 0, 0, 0, 0, 0, 0], 0, ([0, 0, 0], [0, 0, 0, 0]), [0, 0, 0], [0, 0]]
['ir.hsn6.trans_4', 1, [0, 1, 0, 0, 0, 0, 0, 0], 0, ([23, 23, 0], [75, 70, 0, 5]), [1, 1, 0], [0, 0]]
['com.android.quake_1', 0, [0, 0, 0, 0, 0, 0, 0, 0], 0, ([6, 0, 6], [21, 21, 0, 0]), [0, 0, 0], [0, 0]]
['org.andglkmod.hunkypunk_7', 1, [0, 1, 1, 1, 0, 0, 0, 0], 0, ([8, 1, 7], [23, 23, 0, 0]), [7, 2, 6], [0, 0]]
['com.minar.randomix_40', 0, [0, 0, 0, 0, 0, 0, 0, 0], 0, ([0, 0, 0], [0, 0, 0, 0]), [0, 0, 0], [0, 0]]
['org.exarhteam.iitc_mobile_1729769456', 0, [0, 0, 0, 0, 0, 0, 0, 0], 0, ([0, 0, 0], [0, 0, 0, 0]), [0, 0, 0], [0, 0]]
['com.dozingcatsoftware.bouncy_39', 1, [1, 1, 0, 1, 1, 0, 0, 0], 0, ([326, 62, 264], [1211, 1170, 0, 41]), [1, 1, 0], [0, 0]]
['org.mindshub.insigno_903', 1, [1, 0, 0, 0, 0, 0, 0, 0], 0, ([39, 4, 35], [145, 129, 1, 15]), [2, 0, 1], [0, 0]]
['com.retroarch_1597175263', 1, [1, 1, 0, 1, 1, 0, 0, 0], 0, ([2, 0, 2], [8, 8, 0, 0]), [1, 1, 0], [0, 0]]
['ml.vivekthazhathattil.chalachithram_4', 0, [0, 0, 0, 0, 0, 0, 0, 0], 0, ([0, 0, 0], [0, 0, 0, 0]), [0, 0, 0], [0, 0]]
['de.chadenas.cpudefense_52', 0, [0, 0, 0, 0, 0, 0, 0, 0], 0, ([0, 0, 0], [0, 0, 0, 0]), [0, 0, 0], [0, 0]]
['com.feko.generictabletoprpg_6', 1, [1, 1, 0, 1, 1, 0, 0, 0], 0, ([8, 0, 8], [24, 23, 0, 1]), [1, 0, 1], [0, 0]]
['app.halma_13', 1, [1, 1, 0, 1, 1, 0, 0, 0], 0, ([59, 59, 0], [326, 285, 0, 41]), [1, 1, 0], [0, 0]]
['de.moroway.oc_100102', 0, [0, 0, 0, 0, 0, 0, 0, 0], 0, ([0, 0, 0], [0, 0, 0, 0]), [0, 0, 0], [0, 0]]
['io.github.mwageringel.everest_15', 1, [1, 1, 0, 0, 1, 0, 0, 0], 0, ([41, 4, 37], [152, 135, 1, 16]), [2, 0, 1], [0, 0]]
['org.secuso.privacyfriendlysudoku_18', 0, [0, 0, 0, 0, 0, 0, 0, 0], 0, ([0, 0, 0], [0, 0, 0, 0]), [0, 0, 0], [0, 0]]
['net.ddns.mlsoftlaberge.trycorder_523', 0, [0, 0, 0, 0, 0, 0, 0, 0], 0, ([0, 0, 0], [0, 0, 0, 0]), [0, 0, 0], [0, 0]]
['eu.quelltext.memory_7', 0, [0, 0, 0, 0, 0, 0, 0, 0], 0, ([0, 0, 0], [0, 0, 0, 0]), [0, 0, 0], [0, 0]]
['eu.veldsoft.complica4_4', 0, [0, 0, 0, 0, 0, 0, 0, 0], 0, ([0, 0, 0], [0, 0, 0, 0]), [0, 0, 0], [0, 0]]
['com.kaeruct.gotosleep_5', 0, [0, 0, 0, 0, 0, 0, 0, 0], 0, ([0, 0, 0], [0, 0, 0, 0]), [0, 0, 0], [0, 0]]
['com.gunshippenguin.openflood_12', 0, [0, 0, 0, 0, 0, 0, 0, 0], 0, ([0, 0, 0], [0, 0, 0, 0]), [0, 0, 0], [0, 0]]
['org.artsoft.rocksndiamonds_4020200', 1, [1, 1, 0, 1, 1, 0, 0, 0], 0, ([48, 38, 10], [133, 132, 0, 1]), [7, 2, 1], [0, 0]]
['org.sajeg.fallingblocks_16', 1, [1, 1, 0, 0, 0, 0, 0, 0], 0, ([35, 35, 0], [122, 111, 7, 4]), [2, 1, 0], [0, 0]]
['eu.veldsoft.house.of.cards_1', 0, [0, 0, 0, 0, 0, 0, 0, 0], 0, ([0, 0, 0], [0, 0, 0, 0]), [0, 0, 0], [0, 0]]
['org.kwaak3_1', 1, [0, 1, 1, 0, 0, 0, 0, 0], 0, ([13, 13, 0], [31, 30, 0, 1]), [7, 1, 1], [0, 0]]
['eu.veldsoft.tri.peaks_3', 0, [0, 0, 0, 0, 0, 0, 0, 0], 0, ([0, 0, 0], [0, 0, 0, 0]), [0, 0, 0], [0, 0]]
['eu.veldsoft.colors.overflow_1', 0, [0, 0, 0, 0, 0, 0, 0, 0], 0, ([0, 0, 0], [0, 0, 0, 0]), [0, 0, 0], [0, 0]]
['com.makeinfo.sudokugenerator_1', 0, [0, 0, 0, 0, 0, 0, 0, 0], 0, ([0, 0, 0], [0, 0, 0, 0]), [0, 0, 0], [0, 0]]
['io.github.thachillera.cardsscorekeeper_3', 0, [0, 0, 0, 0, 0, 0, 0, 0], 0, ([0, 0, 0], [0, 0, 0, 0]), [0, 0, 0], [0, 0]]
['org.secuso.privacyfriendlybattleship_7', 0, [0, 0, 0, 0, 0, 0, 0, 0], 0, ([0, 0, 0], [0, 0, 0, 0]), [0, 0, 0], [0, 0]]
['org.mattvchandler.a2050_190010010', 1, [1, 1, 0, 1, 1, 0, 0, 0], 0, ([13, 2, 11], [26, 22, 0, 4]), [1, 1, 0], [0, 0]]
['ir.hsn6.tpb_2', 1, [0, 1, 0, 0, 0, 0, 0, 0], 0, ([35, 32, 3], [104, 97, 0, 7]), [2, 1, 0], [0, 0]]
['ch.logixisland.anuto_34', 0, [0, 0, 0, 0, 0, 0, 0, 0], 0, ([0, 0, 0], [0, 0, 0, 0]), [0, 0, 0], [0, 0]]
['de.telefongarten.brainjogging_1', 1, [1, 1, 0, 0, 1, 0, 0, 0], 0, ([37, 5, 32], [136, 122, 1, 13]), [2, 0, 1], [0, 0]]
['com.xenris.liquidwarsos_12', 1, [1, 1, 0, 1, 1, 0, 0, 0], 0, ([12, 12, 0], [27, 26, 0, 1]), [3, 1, 0], [0, 0]]
['com.autismprime.krassesSpiel_6', 0, [0, 0, 0, 0, 0, 0, 0, 0], 0, ([0, 0, 0], [0, 0, 0, 0]), [0, 0, 0], [0, 0]]
['com.rogerbassonsrenart.paddletennis_12', 0, [0, 0, 0, 0, 0, 0, 0, 0], 0, ([0, 0, 0], [0, 0, 0, 0]), [0, 0, 0], [0, 0]]
['eu.veldsoft.scribe4_2', 0, [0, 0, 0, 0, 0, 0, 0, 0], 0, ([0, 0, 0], [0, 0, 0, 0]), [0, 0, 0], [0, 0]]
['org.quentin_bettoum.librememorygame_8', 1, [1, 1, 0, 0, 0, 0, 0, 0], 0, ([35, 35, 0], [127, 113, 7, 7]), [2, 1, 0], [0, 0]]
['com.drodin.tuxrider_15', 1, [1, 1, 0, 1, 1, 0, 0, 0], 0, ([2, 2, 0], [10, 10, 0, 0]), [1, 0, 1], [0, 0]]
['be.quentinloos.manille_2', 0, [0, 0, 0, 0, 0, 0, 0, 0], 0, ([0, 0, 0], [0, 0, 0, 0]), [0, 0, 0], [0, 0]]
['org.dolphinemu.dolphinemu_40548', 1, [1, 0, 0, 0, 1, 0, 0, 0], 0, ([252, 100, 152], [476, 432, 0, 44]), [5, 1, 1], [0, 0]]
['org.pipoypipagames.towerjumper_13', 1, [0, 1, 0, 0, 0, 0, 0, 0], 0, ([23, 23, 0], [75, 70, 0, 5]), [1, 1, 0], [0, 0]]
['com.traffar.game_of_life_4', 1, [0, 0, 1, 0, 0, 0, 0, 0], 0, ([22, 20, 2], [59, 59, 0, 0]), [4, 2, 1], [0, 0]]
['com.trianguloy.numericriddlegenerator_7', 0, [0, 0, 0, 0, 0, 0, 0, 0], 0, ([0, 0, 0], [0, 0, 0, 0]), [0, 0, 0], [0, 0]]
['straw.berry_8142', 0, [0, 0, 0, 0, 0, 0, 0, 0], 0, ([0, 0, 0], [0, 0, 0, 0]), [0, 0, 0], [0, 0]]
['org.petero.droidfish_100', 1, [1, 1, 0, 1, 1, 0, 0, 0], 0, ([7, 5, 2], [27, 27, 0, 0]), [3, 3, 0], [7, 0]]
['fr.nocle.passegares_256', 0, [0, 0, 0, 0, 0, 0, 0, 0], 0, ([0, 0, 0], [0, 0, 0, 0]), [0, 0, 0], [0, 0]]
['net.alexbarry.alexgames_2', 1, [1, 1, 0, 1, 1, 0, 0, 0], 0, ([12, 2, 10], [35, 35, 0, 0]), [1, 1, 0], [0, 0]]
['org.emunix.insteadlauncher_90200', 1, [1, 1, 0, 1, 1, 0, 0, 0], 0, ([51, 40, 11], [137, 136, 0, 1]), [8, 2, 1], [0, 0]]
['io.github.lufte.lona_10002', 0, [0, 0, 0, 0, 0, 0, 0, 0], 0, ([0, 0, 0], [0, 0, 0, 0]), [0, 0, 0], [0, 0]]
['com.alaskalinuxuser.shipcaptainandcrew_10', 0, [0, 0, 0, 0, 0, 0, 0, 0], 0, ([0, 0, 0], [0, 0, 0, 0]), [0, 0, 0], [0, 0]]
['com.glTron_4', 0, [0, 0, 0, 0, 0, 0, 0, 0], 0, ([0, 0, 0], [0, 0, 0, 0]), [0, 0, 0], [0, 0]]
['com.tomer.poke.notifier_19', 0, [0, 0, 0, 0, 0, 0, 0, 0], 0, ([0, 0, 0], [0, 0, 0, 0]), [0, 0, 0], [0, 0]]
['net.rocrail.androc_418', 0, [0, 0, 0, 0, 0, 0, 0, 0], 0, ([0, 0, 0], [0, 0, 0, 0]), [0, 0, 0], [0, 0]]
['com.github.vatbub.scoreboard_264', 0, [0, 0, 0, 0, 0, 0, 0, 0], 0, ([0, 0, 0], [0, 0, 0, 0]), [0, 0, 0], [0, 0]]
['eu.veldsoft.vitosha.poker.odds_2', 0, [0, 0, 0, 0, 0, 0, 0, 0], 0, ([0, 0, 0], [0, 0, 0, 0]), [0, 0, 0], [0, 0]]
['com.slothwerks.hearthstone.compendiumforhearthstone_2', 0, [0, 0, 0, 0, 0, 0, 0, 0], 0, ([0, 0, 0], [0, 0, 0, 0]), [0, 0, 0], [0, 0]]
['dev.lonami.klooni_860', 1, [1, 1, 1, 1, 1, 0, 0, 0], 0, ([64, 64, 0], [337, 298, 0, 39]), [1, 1, 0], [0, 0]]
['com.adilhanney.ricochlime_1110603', 1, [0, 0, 0, 0, 1, 0, 0, 0], 0, ([42, 4, 38], [152, 135, 1, 16]), [3, 1, 1], [0, 0]]
['org.secuso.privacyfriendlyboardgameclock_2', 0, [0, 0, 0, 0, 0, 0, 0, 0], 0, ([0, 0, 0], [0, 0, 0, 0]), [0, 0, 0], [0, 0]]
['org.ppsspp.ppsspp_118010000', 1, [1, 1, 0, 0, 1, 0, 0, 0], 0, ([40, 34, 6], [107, 106, 0, 1]), [5, 1, 1], [0, 0]]
['io.github.printn.humanbenchmark_18', 1, [1, 1, 0, 0, 1, 0, 0, 0], 0, ([42, 4, 38], [152, 135, 1, 16]), [2, 0, 1], [0, 0]]
['at.krixec.ied_15', 1, [1, 0, 0, 0, 0, 0, 0, 0], 0, ([37, 37, 0], [129, 115, 7, 7]), [2, 1, 0], [0, 0]]
['org.scoutant.blokish_24', 0, [0, 0, 0, 0, 0, 0, 0, 0], 0, ([0, 0, 0], [0, 0, 0, 0]), [0, 0, 0], [0, 0]]
['cc.narumi.chaldea.fdroid_979', 1, [1, 1, 0, 1, 1, 0, 0, 0], 0, ([252, 25, 227], [507, 301, 4, 202]), [3, 0, 1], [0, 0]]
['com.holokenmod_21', 0, [0, 0, 0, 0, 0, 0, 0, 0], 0, ([0, 0, 0], [0, 0, 0, 0]), [0, 0, 0], [0, 0]]
['app.crossword.yourealwaysbe.forkyzscanner_7', 1, [1, 1, 1, 1, 1, 0, 0, 0], 0, ([2326, 2287, 39], [10655, 10631, 0, 24]), [10, 5, 5], [0, 0]]
['info.meoblast001.thugaim_2', 0, [0, 0, 0, 0, 0, 0, 0, 0], 0, ([0, 0, 0], [0, 0, 0, 0]), [0, 0, 0], [0, 0]]
['io.github.kobuge.games.minilens_2', 1, [0, 0, 1, 0, 0, 0, 0, 0], 0, ([20, 20, 0], [63, 58, 0, 5]), [1, 1, 0], [0, 0]]
['de.saschahlusiak.freebloks_162', 1, [1, 1, 0, 1, 1, 0, 0, 0], 0, ([12, 0, 12], [53, 51, 0, 2]), [4, 2, 1], [0, 0]]
['org.billthefarmer.crossword_124', 0, [0, 0, 0, 0, 0, 0, 0, 0], 0, ([0, 0, 0], [0, 0, 0, 0]), [0, 0, 0], [0, 0]]
['eu.veldsoft.no.thanks_1', 0, [0, 0, 0, 0, 0, 0, 0, 0], 0, ([0, 0, 0], [0, 0, 0, 0]), [0, 0, 0], [0, 0]]
['eu.veldsoft.vitoshadm_5', 0, [0, 0, 0, 0, 0, 0, 0, 0], 0, ([0, 0, 0], [0, 0, 0, 0]), [0, 0, 0], [0, 0]]
['net.sourceforge.solitaire_cg_4000', 0, [0, 0, 0, 0, 0, 0, 0, 0], 0, ([0, 0, 0], [0, 0, 0, 0]), [0, 0, 0], [0, 0]]
['com.dozingcatsoftware.kumquats_3', 1, [1, 1, 0, 0, 1, 0, 0, 0], 0, ([99, 20, 79], [257, 189, 4, 64]), [2, 0, 1], [0, 0]]
['org.revengate.revengate_2001300', 1, [1, 0, 0, 0, 0, 0, 0, 0], 0, ([37, 37, 0], [129, 115, 7, 7]), [2, 1, 0], [0, 0]]
['com.atelieryl.wonderdroid_51', 1, [0, 1, 1, 1, 0, 1, 0, 0], 0, ([8, 8, 0], [35, 34, 0, 1]), [2, 2, 0], [0, 0]]
['com.alaskalinuxuser.justchess_13', 0, [0, 0, 0, 0, 0, 0, 0, 0], 0, ([0, 0, 0], [0, 0, 0, 0]), [0, 0, 0], [0, 0]]
['ru.hyst329.openfool_30', 0, [0, 0, 0, 0, 0, 0, 0, 0], 0, ([398, 135, 263], [1380, 1339, 0, 41]), [0, 0, 0], [0, 0]]
['com.boardgamegeek_41', 0, [0, 0, 0, 0, 0, 0, 0, 0], 0, ([0, 0, 0], [0, 0, 0, 0]), [0, 0, 0], [0, 0]]
['com.calcitem.sanmill_4503', 1, [1, 1, 0, 1, 1, 0, 0, 0], 0, ([51, 7, 44], [193, 176, 1, 16]), [5, 1, 2], [0, 0]]
['com.daviancorp.android.mh4udatabase_13', 0, [0, 0, 0, 0, 0, 0, 0, 0], 0, ([0, 0, 0], [0, 0, 0, 0]), [0, 0, 0], [0, 0]]
['org.jfedor.frozenbubble_54', 1, [1, 1, 1, 1, 1, 1, 1, 0], 0, ([24, 0, 24], [41, 41, 0, 0]), [1, 1, 0], [0, 0]]
['pl.sanszo.pcis_2', 1, [1, 1, 1, 1, 1, 0, 0, 0], 0, ([562, 136, 426], [1986, 1885, 0, 101]), [3, 3, 0], [0, 0]]
['org.lettucepie.flickybee_5', 1, [1, 1, 0, 0, 0, 0, 0, 0], 0, ([36, 36, 0], [125, 111, 8, 6]), [2, 1, 0], [0, 0]]
['net.leodesouza.blitz_202', 0, [0, 0, 0, 0, 0, 0, 0, 0], 0, ([0, 0, 0], [0, 0, 0, 0]), [0, 0, 0], [0, 0]]
['org.benoitharrault.sudoku_73', 1, [1, 1, 0, 0, 1, 0, 0, 0], 0, ([41, 4, 37], [151, 134, 1, 16]), [2, 0, 1], [0, 0]]
['com.uravgcode.chooser_10', 0, [0, 0, 0, 0, 0, 0, 0, 0], 0, ([0, 0, 0], [0, 0, 0, 0]), [0, 0, 0], [0, 0]]
['com.chess.clock_28', 0, [0, 0, 0, 0, 0, 0, 0, 0], 0, ([0, 0, 0], [0, 0, 0, 0]), [0, 0, 0], [0, 0]]
['com.biotstoiq.hayago_21', 0, [0, 0, 0, 0, 0, 0, 0, 0], 0, ([0, 0, 0], [0, 0, 0, 0]), [0, 0, 0], [0, 0]]
['com.formfun_1', 1, [1, 1, 0, 1, 1, 0, 0, 0], 0, ([1153, 1153, 0], [5228, 5224, 0, 4]), [2, 2, 1], [0, 0]]
['page.codeberg.marshreaper.fruitygame_17', 1, [1, 1, 0, 0, 0, 0, 0, 0], 0, ([35, 35, 0], [122, 111, 7, 4]), [2, 1, 0], [0, 0]]
['eu.veldsoft.brainstonz_2', 0, [0, 0, 0, 0, 0, 0, 0, 0], 0, ([0, 0, 0], [0, 0, 0, 0]), [0, 0, 0], [0, 0]]
['org.sudowars_2', 0, [0, 0, 0, 0, 0, 0, 0, 0], 0, ([0, 0, 0], [0, 0, 0, 0]), [0, 0, 0], [0, 0]]
['com.nicobrailo.pianoli_25', 0, [0, 0, 0, 0, 0, 0, 0, 0], 0, ([0, 0, 0], [0, 0, 0, 0]), [0, 0, 0], [0, 0]]
['com.anoshenko.android.mahjongg_14', 0, [0, 0, 0, 0, 0, 0, 0, 0], 0, ([0, 0, 0], [0, 0, 0, 0]), [0, 0, 0], [0, 0]]
['fr.xtof54.scrabble_3', 0, [0, 0, 0, 0, 0, 0, 0, 0], 0, ([0, 0, 0], [0, 0, 0, 0]), [0, 0, 0], [0, 0]]
['org.easyrpg.player_6699', 1, [1, 1, 0, 1, 1, 0, 0, 0], 0, ([52, 42, 10], [139, 138, 0, 1]), [4, 4, 1], [0, 0]]
['org.principate.matthew.dealing_sheet_2', 1, [1, 1, 0, 0, 1, 0, 0, 0], 0, ([38, 4, 34], [143, 127, 1, 15]), [2, 0, 1], [0, 0]]
['com.simondalvai.ball2box_66', 1, [1, 1, 0, 0, 0, 0, 0, 0], 0, ([36, 36, 0], [123, 111, 7, 5]), [2, 1, 0], [0, 0]]
['com.maze_squirrel_124', 0, [0, 0, 0, 0, 0, 0, 0, 0], 0, ([0, 0, 0], [0, 0, 0, 0]), [0, 0, 0], [0, 0]]
['com.easwareapps.marbleone_ad_free_3', 0, [0, 0, 0, 0, 0, 0, 0, 0], 0, ([0, 0, 0], [0, 0, 0, 0]), [0, 0, 0], [0, 0]]
['ir.hsn6.defendo_8', 1, [0, 1, 0, 0, 0, 0, 0, 0], 0, ([23, 23, 0], [75, 70, 0, 5]), [1, 1, 0], [0, 0]]
['com.dozingcatsoftware.mouse_pounce_7', 1, [1, 1, 0, 0, 1, 0, 0, 0], 0, ([38, 4, 34], [143, 127, 1, 15]), [2, 0, 1], [0, 0]]
['com.github.msx80.doorsofdoom_3', 1, [1, 1, 0, 0, 0, 0, 0, 0], 0, ([59, 59, 0], [326, 285, 0, 41]), [1, 1, 0], [0, 0]]
['com.traffar.oware_1', 1, [0, 0, 1, 0, 0, 0, 0, 0], 0, ([16, 14, 2], [34, 34, 0, 0]), [2, 2, 1], [0, 0]]
['com.wbpxre150.unjumbleapp_1', 0, [0, 0, 0, 0, 0, 0, 0, 0], 0, ([0, 0, 0], [0, 0, 0, 0]), [0, 0, 0], [0, 0]]
['se.bitcraze.crazyfliecontrol2_20', 0, [0, 0, 0, 0, 0, 0, 0, 0], 0, ([0, 0, 0], [0, 0, 0, 0]), [0, 0, 0], [0, 0]]
['com.marceljurtz.lifecounter_15', 0, [0, 0, 0, 0, 0, 0, 0, 0], 0, ([0, 0, 0], [0, 0, 0, 0]), [0, 0, 0], [0, 0]]
['com.watabou.pixeldungeon_74', 0, [0, 0, 0, 0, 0, 0, 0, 0], 0, ([0, 0, 0], [0, 0, 0, 0]), [0, 0, 0], [0, 0]]
['com.picross.nonocross_11', 1, [1, 1, 0, 1, 1, 0, 0, 0], 0, ([1, 0, 1], [7, 7, 0, 0]), [1, 1, 0], [0, 0]]
['com.peaceray.codeword_13', 0, [0, 0, 0, 0, 0, 0, 0, 0], 0, ([0, 0, 0], [0, 0, 0, 0]), [0, 0, 0], [0, 0]]
['eu.veldsoft.broker_6', 0, [0, 0, 0, 0, 0, 0, 0, 0], 0, ([0, 0, 0], [0, 0, 0, 0]), [0, 0, 0], [0, 0]]
['eu.mokrzycki.learndigits_8', 0, [0, 0, 0, 0, 0, 0, 0, 0], 0, ([0, 0, 0], [0, 0, 0, 0]), [0, 0, 0], [0, 0]]
['si.palcka.tarok_203', 1, [1, 0, 0, 0, 0, 0, 0, 0], 0, ([47, 9, 38], [162, 143, 2, 17]), [6, 2, 1], [0, 0]]
['io.github.dkter.aaaaa_4', 0, [0, 0, 0, 0, 0, 0, 0, 0], 0, ([0, 0, 0], [0, 0, 0, 0]), [0, 0, 0], [0, 0]]
['com.sanskritbasics_34', 0, [0, 0, 0, 0, 0, 0, 0, 0], 0, ([0, 0, 0], [0, 0, 0, 0]), [0, 0, 0], [0, 0]]
['pt.isec.tp.am_4', 0, [0, 0, 0, 0, 0, 0, 0, 0], 0, ([0, 0, 0], [0, 0, 0, 0]), [0, 0, 0], [0, 0]]
['org.androidsoft.games.memory.tux_7', 0, [0, 0, 0, 0, 0, 0, 0, 0], 0, ([0, 0, 0], [0, 0, 0, 0]), [0, 0, 0], [0, 0]]
['com.libopenmw.openmw_8', 1, [1, 1, 0, 1, 1, 0, 0, 0], 0, ([40, 38, 2], [103, 102, 0, 1]), [6, 3, 1], [0, 0]]
['com.github.darthjoey91.hangman_4', 0, [0, 0, 0, 0, 0, 0, 0, 0], 0, ([0, 0, 0], [0, 0, 0, 0]), [0, 0, 0], [0, 0]]
['net.stkaddons.viewer_3', 0, [0, 0, 0, 0, 0, 0, 0, 0], 0, ([0, 0, 0], [0, 0, 0, 0]), [0, 0, 0], [0, 0]]
['org.jfo.app.makesomenoise_125', 0, [0, 0, 0, 0, 0, 0, 0, 0], 0, ([0, 0, 0], [0, 0, 0, 0]), [0, 0, 0], [0, 0]]
['com.alfray.asqare_103', 0, [0, 0, 0, 0, 0, 0, 0, 0], 0, ([0, 0, 0], [0, 0, 0, 0]), [0, 0, 0], [0, 0]]
['garden.lina.oblique_strategies_2', 1, [1, 1, 0, 0, 1, 0, 0, 0], 0, ([41, 4, 37], [152, 135, 1, 16]), [2, 0, 1], [0, 0]]
['eu.veldsoft.vitosha.blackjack_2', 0, [0, 0, 0, 0, 0, 0, 0, 0], 0, ([0, 0, 0], [0, 0, 0, 0]), [0, 0, 0], [0, 0]]
['com.lloydtorres.stately_51', 0, [0, 0, 0, 0, 0, 0, 0, 0], 0, ([0, 0, 0], [0, 0, 0, 0]), [0, 0, 0], [0, 0]]
['org.ecos.logic.flip_a_coin_3', 0, [0, 0, 0, 0, 0, 0, 0, 0], 0, ([0, 0, 0], [0, 0, 0, 0]), [0, 0, 0], [0, 0]]
['org.yabause.android_1', 1, [0, 0, 1, 0, 0, 0, 0, 0], 0, ([12, 12, 0], [20, 19, 0, 1]), [1, 1, 1], [0, 0]]
['com.icesu.kinnaid_567', 0, [0, 0, 0, 0, 0, 0, 0, 0], 0, ([0, 0, 0], [0, 0, 0, 0]), [0, 0, 0], [0, 0]]
['com.fgrim.msnake_12', 0, [0, 0, 0, 0, 0, 0, 0, 0], 0, ([0, 0, 0], [0, 0, 0, 0]), [0, 0, 0], [0, 0]]
['com.replica.replicaisland_14', 0, [0, 0, 0, 0, 0, 0, 0, 0], 0, ([0, 0, 0], [0, 0, 0, 0]), [0, 0, 0], [0, 0]]
['org.lufebe16.freecell_1021201', 1, [1, 1, 0, 0, 0, 0, 0, 0], 0, ([54, 45, 9], [153, 148, 0, 5]), [11, 2, 1], [0, 0]]
['com.miloshpetrov.sol2.android_14', 1, [1, 1, 1, 1, 1, 0, 0, 0], 0, ([324, 61, 263], [1204, 1165, 0, 39]), [2, 2, 0], [0, 0]]
['com.sanskritbasics.memory_34', 0, [0, 0, 0, 0, 0, 0, 0, 0], 0, ([0, 0, 0], [0, 0, 0, 0]), [0, 0, 0], [0, 0]]
['com.jmstudios.pointandhit.android_12', 1, [0, 1, 1, 1, 0, 0, 0, 0], 0, ([493, 68, 425], [1822, 1723, 0, 99]), [2, 2, 0], [0, 0]]
['ru.exlmoto.snood21_3', 0, [0, 0, 0, 0, 0, 0, 0, 0], 0, ([0, 0, 0], [0, 0, 0, 0]), [0, 0, 0], [0, 0]]
['com.traffar.pentago_2', 1, [0, 1, 1, 0, 0, 0, 0, 0], 0, ([22, 20, 2], [59, 59, 0, 0]), [4, 2, 1], [0, 0]]
['com.netthreads.android.noiz2_12', 0, [0, 0, 0, 0, 0, 0, 0, 0], 0, ([0, 0, 0], [0, 0, 0, 0]), [0, 0, 0], [0, 0]]
