apk_name, have_lib, [arm64-v8a, armeabi-v7a, armeabi, x86, x86_64, mips, mips64, other], native-activity, ([jni_method_total_num, static_num, nostatic_num], [total_all_type, total_basic_type, total_icc_type, total_complex_type, total_complex_type]), [so_total_num, so_Java_num, so_onLoad_num], [have_other_elf, have_pwd_zip]
['player.efis.data.zar.aus_6', 0, [0, 0, 0, 0, 0, 0, 0, 0], 0, ([0, 0, 0], [0, 0, 0, 0]), [0, 0, 0], [0, 0]]
['com.github.timboode.statefulspeedometer_1', 0, [0, 0, 0, 0, 0, 0, 0, 0], 0, ([0, 0, 0], [0, 0, 0, 0]), [0, 0, 0], [0, 0]]
['com.github.mrrar.gps_locker_11', 0, [0, 0, 0, 0, 0, 0, 0, 0], 0, ([0, 0, 0], [0, 0, 0, 0]), [0, 0, 0], [0, 0]]
['de.bahnhoefe.deutschlands.bahnhofsfotos_93', 0, [0, 0, 0, 0, 0, 0, 0, 0], 0, ([0, 0, 0], [0, 0, 0, 0]), [0, 0, 0], [0, 0]]
['org.traffxml.roadeagle_10006', 0, [0, 0, 0, 0, 0, 0, 0, 0], 0, ([0, 0, 0], [0, 0, 0, 0]), [0, 0, 0], [0, 0]]
['de.k3b.android.geo2articlesmap_6', 0, [0, 0, 0, 0, 0, 0, 0, 0], 0, ([0, 0, 0], [0, 0, 0, 0]), [0, 0, 0], [0, 0]]
['org.tilelessmap.app_4', 1, [1, 1, 0, 1, 0, 0, 0, 0], 0, ([34, 32, 2], [93, 92, 0, 1]), [5, 2, 1], [0, 0]]
['org.microg.nlp.backend.apple_20043', 0, [0, 0, 0, 0, 0, 0, 0, 0], 0, ([0, 0, 0], [0, 0, 0, 0]), [0, 0, 0], [0, 0]]
['space.irex.mobile_1', 1, [1, 1, 0, 1, 1, 0, 0, 0], 0, ([44, 7, 37], [156, 139, 1, 16]), [9, 5, 4], [8, 0]]
['de.onyxbits.geobookmark_3', 0, [0, 0, 0, 0, 0, 0, 0, 0], 0, ([0, 0, 0], [0, 0, 0, 0]), [0, 0, 0], [0, 0]]
['org.fitchfamily.android.gsmlocation_74', 0, [0, 0, 0, 0, 0, 0, 0, 0], 0, ([0, 0, 0], [0, 0, 0, 0]), [0, 0, 0], [0, 0]]
['com.androzic_95', 1, [0, 1, 1, 1, 0, 1, 0, 0], 0, ([3, 3, 0], [14, 14, 0, 0]), [1, 1, 0], [0, 0]]
['org.y20k.trackbook_54', 0, [0, 0, 0, 0, 0, 0, 0, 0], 0, ([0, 0, 0], [0, 0, 0, 0]), [0, 0, 0], [0, 0]]
['ch.bubendorf.locusaddon.gsakdatabase_38', 0, [0, 0, 0, 0, 0, 0, 0, 0], 0, ([0, 0, 0], [0, 0, 0, 0]), [0, 0, 0], [0, 0]]
['io.github.project_kaat.gpsdrelay_5', 0, [0, 0, 0, 0, 0, 0, 0, 0], 0, ([0, 0, 0], [0, 0, 0, 0]), [0, 0, 0], [0, 0]]
['com.boombuler.piraten.map_1320', 0, [0, 0, 0, 0, 0, 0, 0, 0], 0, ([0, 0, 0], [0, 0, 0, 0]), [0, 0, 0], [0, 0]]
['org.calantas.mygeo_2', 0, [0, 0, 0, 0, 0, 0, 0, 0], 0, ([0, 0, 0], [0, 0, 0, 0]), [0, 0, 0], [0, 0]]
['net.cyclestreets_1668', 0, [0, 0, 0, 0, 0, 0, 0, 0], 0, ([0, 0, 0], [0, 0, 0, 0]), [0, 0, 0], [0, 0]]
['com.example.regis_cat_1', 0, [0, 0, 0, 0, 0, 0, 0, 0], 0, ([0, 0, 0], [0, 0, 0, 0]), [0, 0, 0], [0, 0]]
['player.efis.data.pan.arg_6', 0, [0, 0, 0, 0, 0, 0, 0, 0], 0, ([0, 0, 0], [0, 0, 0, 0]), [0, 0, 0], [0, 0]]
['cl.coders.faketraveler_9', 0, [0, 0, 0, 0, 0, 0, 0, 0], 0, ([0, 0, 0], [0, 0, 0, 0]), [0, 0, 0], [0, 0]]
['org.broeuschmeul.android.gps.usb.provider_199', 0, [0, 0, 0, 0, 0, 0, 0, 0], 0, ([0, 0, 0], [0, 0, 0, 0]), [0, 0, 0], [0, 0]]
['at.finderlein.noe_2020', 1, [1, 1, 0, 0, 1, 0, 0, 0], 0, ([38, 4, 34], [143, 127, 1, 15]), [2, 0, 1], [0, 0]]
['de.enaikoon.android.keypadmapper3_47', 0, [0, 0, 0, 0, 0, 0, 0, 0], 0, ([0, 0, 0], [0, 0, 0, 0]), [0, 0, 0], [0, 0]]
['btools.routingapp_54', 0, [0, 0, 0, 0, 0, 0, 0, 0], 0, ([0, 0, 0], [0, 0, 0, 0]), [0, 0, 0], [0, 0]]
['org.pyneo.maps_10010', 0, [0, 0, 0, 0, 0, 0, 0, 0], 0, ([0, 0, 0], [0, 0, 0, 0]), [0, 0, 0], [0, 0]]
['ht.sr.git.mil.transito_8', 1, [1, 1, 0, 1, 1, 0, 0, 0], 0, ([33, 33, 0], [103, 98, 1, 4]), [1, 1, 0], [0, 0]]
['de.tui.itlogger_2', 0, [0, 0, 0, 0, 0, 0, 0, 0], 0, ([0, 0, 0], [0, 0, 0, 0]), [0, 0, 0], [0, 0]]
['com.jstappdev.e6bflightcomputer_13', 0, [0, 0, 0, 0, 0, 0, 0, 0], 0, ([0, 0, 0], [0, 0, 0, 0]), [0, 0, 0], [0, 0]]
['fr.strasweb.campus_4', 0, [0, 0, 0, 0, 0, 0, 0, 0], 0, ([0, 0, 0], [0, 0, 0, 0]), [0, 0, 0], [0, 0]]
['app.organicmaps_25012609', 1, [1, 1, 0, 0, 1, 0, 0, 0], 0, ([340, 312, 28], [717, 645, 1, 71]), [1, 1, 1], [0, 0]]
['com.google.android.stardroid_1560', 0, [0, 0, 0, 0, 0, 0, 0, 0], 0, ([0, 0, 0], [0, 0, 0, 0]), [0, 0, 0], [0, 0]]
['xyz.apiote.bimba.czwek_34', 0, [0, 0, 0, 0, 0, 0, 0, 0], 0, ([0, 0, 0], [0, 0, 0, 0]), [0, 0, 0], [0, 0]]
['ch.bailu.aat_40', 0, [0, 0, 0, 0, 0, 0, 0, 0], 0, ([0, 0, 0], [0, 0, 0, 0]), [0, 0, 0], [0, 0]]
['org.navitproject.navit_2021030660', 1, [1, 1, 0, 1, 1, 0, 0, 0], 0, ([22, 4, 18], [73, 72, 0, 1]), [1, 1, 1], [0, 0]]
['de.westnordost.luftlinie_9', 0, [0, 0, 0, 0, 0, 0, 0, 0], 0, ([0, 0, 0], [0, 0, 0, 0]), [0, 0, 0], [0, 0]]
['xyz.myachin.saveto_29', 0, [0, 0, 0, 0, 0, 0, 0, 0], 0, ([0, 0, 0], [0, 0, 0, 0]), [0, 0, 0], [0, 0]]
['org.opengpx_192', 0, [0, 0, 0, 0, 0, 0, 0, 0], 0, ([0, 0, 0], [0, 0, 0, 0]), [0, 0, 0], [0, 0]]
['net.tevp.postcode_5', 0, [0, 0, 0, 0, 0, 0, 0, 0], 0, ([0, 0, 0], [0, 0, 0, 0]), [0, 0, 0], [0, 0]]
['ch.rmy.android.statusbar_tacho_2003120001', 0, [0, 0, 0, 0, 0, 0, 0, 0], 0, ([0, 0, 0], [0, 0, 0, 0]), [0, 0, 0], [0, 0]]
['player.efis.pfd_72', 0, [0, 0, 0, 0, 0, 0, 0, 0], 0, ([0, 0, 0], [0, 0, 0, 0]), [0, 0, 0], [0, 0]]
['app.tice.TICE.production_38', 1, [1, 1, 1, 1, 1, 1, 1, 0], 0, ([296, 76, 220], [1250, 1132, 0, 118]), [3, 1, 2], [0, 0]]
['de.storchp.opentracks.osmplugin_49', 1, [1, 1, 0, 1, 1, 0, 0, 0], 0, ([35, 35, 0], [139, 138, 0, 1]), [1, 1, 0], [0, 0]]
['fr.byped.bwarearea_4', 0, [0, 0, 0, 0, 0, 0, 0, 0], 0, ([0, 0, 0], [0, 0, 0, 0]), [0, 0, 0], [0, 0]]
['org.nitri.opentopo_49', 0, [0, 0, 0, 0, 0, 0, 0, 0], 0, ([0, 0, 0], [0, 0, 0, 0]), [0, 0, 0], [0, 0]]
['com.internalpositioning.find3.find3app_6', 0, [0, 0, 0, 0, 0, 0, 0, 0], 0, ([0, 0, 0], [0, 0, 0, 0]), [0, 0, 0], [0, 0]]
['com.cityzen.cityzen_10200199', 0, [0, 0, 0, 0, 0, 0, 0, 0], 0, ([0, 0, 0], [0, 0, 0, 0]), [0, 0, 0], [0, 0]]
['org.microg.nlp.backend.nominatim_20042', 0, [0, 0, 0, 0, 0, 0, 0, 0], 0, ([0, 0, 0], [0, 0, 0, 0]), [0, 0, 0], [0, 0]]
['com.rareventure.gps2_91', 1, [1, 1, 0, 1, 0, 0, 0, 0], 0, ([59, 0, 59], [241, 238, 0, 3]), [2, 1, 1], [0, 0]]
['com.github.ruleant.getback_gps_80', 0, [0, 0, 0, 0, 0, 0, 0, 0], 0, ([0, 0, 0], [0, 0, 0, 0]), [0, 0, 0], [0, 0]]
['de.jkliemann.parkendd_33', 0, [0, 0, 0, 0, 0, 0, 0, 0], 0, ([0, 0, 0], [0, 0, 0, 0]), [0, 0, 0], [0, 0]]
['com.bobbyrne01.howfardoyouswim_1', 0, [0, 0, 0, 0, 0, 0, 0, 0], 0, ([0, 0, 0], [0, 0, 0, 0]), [0, 0, 0], [0, 0]]
['com.platypus.SAnd_3', 0, [0, 0, 0, 0, 0, 0, 0, 0], 0, ([0, 0, 0], [0, 0, 0, 0]), [0, 0, 0], [0, 0]]
['org.satdump.SatDump_8', 1, [1, 1, 0, 1, 1, 0, 0, 0], 0, ([0, 0, 0], [0, 0, 0, 0]), [57, 0, 0], [0, 0]]
['com.utyf.pmetro_114', 0, [0, 0, 0, 0, 0, 0, 0, 0], 0, ([0, 0, 0], [0, 0, 0, 0]), [0, 0, 0], [0, 0]]
['info.varden.hauk_14', 0, [0, 0, 0, 0, 0, 0, 0, 0], 0, ([0, 0, 0], [0, 0, 0, 0]), [0, 0, 0], [0, 0]]
['org.owntracks.android_420503003', 1, [1, 1, 0, 1, 1, 0, 0, 0], 0, ([292, 292, 0], [956, 731, 0, 225]), [2, 1, 1], [0, 0]]
['org.redcross.openmapkit_23', 0, [0, 0, 0, 0, 0, 0, 0, 0], 0, ([0, 0, 0], [0, 0, 0, 0]), [0, 0, 0], [0, 0]]
['de.storchp.opentracks.osmplugin.offline_49', 1, [1, 1, 0, 1, 1, 0, 0, 0], 0, ([35, 35, 0], [139, 138, 0, 1]), [1, 1, 0], [0, 0]]
['com.palliser.nztides_21', 0, [0, 0, 0, 0, 0, 0, 0, 0], 0, ([0, 0, 0], [0, 0, 0, 0]), [0, 0, 0], [0, 0]]
['com.codebutler.farebot_18', 0, [0, 0, 0, 0, 0, 0, 0, 0], 0, ([0, 0, 0], [0, 0, 0, 0]), [0, 0, 0], [0, 0]]
['player.efis.data.sah.jap_6', 0, [0, 0, 0, 0, 0, 0, 0, 0], 0, ([0, 0, 0], [0, 0, 0, 0]), [0, 0, 0], [0, 0]]
['net.fabiszewski.ulogger_311', 0, [0, 0, 0, 0, 0, 0, 0, 0], 0, ([0, 0, 0], [0, 0, 0, 0]), [0, 0, 0], [0, 0]]
['net.pierrox.mcompass_10', 0, [0, 0, 0, 0, 0, 0, 0, 0], 0, ([0, 0, 0], [0, 0, 0, 0]), [0, 0, 0], [0, 0]]
['pc.javier.seguime_53', 0, [0, 0, 0, 0, 0, 0, 0, 0], 0, ([0, 0, 0], [0, 0, 0, 0]), [0, 0, 0], [0, 0]]
['player.efis.data.eur.rus_6', 0, [0, 0, 0, 0, 0, 0, 0, 0], 0, ([0, 0, 0], [0, 0, 0, 0]), [0, 0, 0], [0, 0]]
['de.tu_darmstadt.seemoo.HardWhere_1', 1, [1, 1, 0, 1, 1, 0, 0, 0], 0, ([286, 286, 0], [924, 702, 0, 222]), [1, 0, 1], [0, 0]]
['org.broeuschmeul.android.gps.bluetooth.provider_126', 0, [0, 0, 0, 0, 0, 0, 0, 0], 0, ([0, 0, 0], [0, 0, 0, 0]), [0, 0, 0], [0, 0]]
['com.github.siggel.coordinatejoker_40', 0, [0, 0, 0, 0, 0, 0, 0, 0], 0, ([0, 0, 0], [0, 0, 0, 0]), [0, 0, 0], [0, 0]]
['foehnix.widget_40', 0, [0, 0, 0, 0, 0, 0, 0, 0], 0, ([0, 0, 0], [0, 0, 0, 0]), [0, 0, 0], [0, 0]]
['com.android.gpstest.osmdroid_24099', 0, [0, 0, 0, 0, 0, 0, 0, 0], 0, ([0, 0, 0], [0, 0, 0, 0]), [0, 0, 0], [0, 0]]
['page.codeberg.jumpingpants.opentransit_42', 1, [1, 0, 0, 0, 0, 0, 0, 0], 0, ([35, 35, 0], [127, 113, 7, 7]), [2, 1, 0], [0, 0]]
['org.daylightingsociety.wherearetheeyes_6', 1, [1, 1, 1, 1, 1, 1, 0, 0], 0, ([242, 0, 242], [448, 308, 0, 140]), [1, 0, 1], [0, 0]]
['de.k3b.android.locationMapViewer_10', 0, [0, 0, 0, 0, 0, 0, 0, 0], 0, ([0, 0, 0], [0, 0, 0, 0]), [0, 0, 0], [0, 0]]
['com.junjunguo.pocketmaps_40', 1, [1, 1, 1, 1, 1, 0, 0, 0], 0, ([321, 321, 0], [1063, 840, 0, 223]), [2, 1, 1], [0, 0]]
['pl.nkg.geokrety_47', 0, [0, 0, 0, 0, 0, 0, 0, 0], 0, ([0, 0, 0], [0, 0, 0, 0]), [0, 0, 0], [0, 0]]
['freemap.opentrail_11', 1, [1, 1, 0, 1, 1, 0, 0, 0], 0, ([60, 0, 60], [239, 237, 0, 2]), [2, 1, 1], [0, 0]]
['org.btcmap_54', 1, [1, 1, 0, 1, 1, 0, 0, 0], 0, ([544, 19, 525], [1030, 705, 0, 325]), [2, 1, 1], [0, 0]]
['de.c3nav.droid_14040501', 0, [0, 0, 0, 0, 0, 0, 0, 0], 0, ([0, 0, 0], [0, 0, 0, 0]), [0, 0, 0], [0, 0]]
['app.fedilab.openmaps_13', 0, [0, 0, 0, 0, 0, 0, 0, 0], 0, ([0, 0, 0], [0, 0, 0, 0]), [0, 0, 0], [0, 0]]
['org.fitchfamily.android.wifi_backend_42', 0, [0, 0, 0, 0, 0, 0, 0, 0], 0, ([0, 0, 0], [0, 0, 0, 0]), [0, 0, 0], [0, 0]]
['com.addismaptransit.app_7', 1, [1, 1, 0, 0, 1, 0, 0, 0], 0, ([38, 4, 34], [143, 127, 1, 15]), [2, 0, 1], [0, 0]]
['de.freifunk_karte.freifunk_karte_1501', 0, [0, 0, 0, 0, 0, 0, 0, 0], 0, ([0, 0, 0], [0, 0, 0, 0]), [0, 0, 0], [0, 0]]
['com.graphhopper.maps_20', 0, [0, 0, 0, 0, 0, 0, 0, 0], 0, ([0, 0, 0], [0, 0, 0, 0]), [0, 0, 0], [0, 0]]
['io.github.tiagoshibata.gpsdclient_5', 0, [0, 0, 0, 0, 0, 0, 0, 0], 0, ([0, 0, 0], [0, 0, 0, 0]), [0, 0, 0], [0, 0]]
['at.h4x.amsprung_105', 0, [0, 0, 0, 0, 0, 0, 0, 0], 0, ([0, 0, 0], [0, 0, 0, 0]), [0, 0, 0], [0, 0]]
['fr.hnit.riverferry_3', 0, [0, 0, 0, 0, 0, 0, 0, 0], 0, ([0, 0, 0], [0, 0, 0, 0]), [0, 0, 0], [0, 0]]
['page.ooooo.geoshare_12', 1, [1, 1, 0, 1, 1, 0, 0, 0], 0, ([8, 0, 8], [24, 23, 0, 1]), [2, 1, 1], [0, 0]]
['com.openathena_45', 0, [0, 0, 0, 0, 0, 0, 0, 0], 0, ([0, 0, 0], [0, 0, 0, 0]), [0, 0, 0], [0, 0]]
['name.gdr.acastus_photon_28', 1, [1, 1, 1, 1, 0, 0, 0, 0], 0, ([60, 0, 60], [224, 218, 0, 6]), [2, 1, 0], [0, 0]]
['it.reyboz.bustorino_62', 0, [0, 0, 0, 0, 0, 0, 0, 0], 0, ([0, 0, 0], [0, 0, 0, 0]), [0, 0, 0], [0, 0]]
['ru.seva.finder_15', 0, [0, 0, 0, 0, 0, 0, 0, 0], 0, ([0, 0, 0], [0, 0, 0, 0]), [0, 0, 0], [0, 0]]
['de.schildbach.oeffi_130010', 0, [0, 0, 0, 0, 0, 0, 0, 0], 0, ([0, 0, 0], [0, 0, 0, 0]), [0, 0, 0], [0, 0]]
['it.danieleverducci.nextcloudmaps_9', 0, [0, 0, 0, 0, 0, 0, 0, 0], 0, ([0, 0, 0], [0, 0, 0, 0]), [0, 0, 0], [0, 0]]
['com.sgr_b2.compass_10405', 1, [1, 1, 1, 1, 1, 1, 1, 0], 0, ([66, 66, 0], [157, 157, 0, 0]), [1, 1, 0], [0, 0]]
['org.woheller69.spritpreise_27', 0, [0, 0, 0, 0, 0, 0, 0, 0], 0, ([0, 0, 0], [0, 0, 0, 0]), [0, 0, 0], [0, 0]]
['helium314.localbackend_42', 0, [0, 0, 0, 0, 0, 0, 0, 0], 0, ([0, 0, 0], [0, 0, 0, 0]), [0, 0, 0], [0, 0]]
['org.billthefarmer.buses_107', 0, [0, 0, 0, 0, 0, 0, 0, 0], 0, ([0, 0, 0], [0, 0, 0, 0]), [0, 0, 0], [0, 0]]
['org.xcsoar_164', 1, [1, 1, 0, 1, 1, 0, 0, 0], 0, ([46, 13, 33], [147, 145, 2, 0]), [1, 1, 0], [0, 0]]
['org.fitchfamily.android.dejavu_21', 0, [0, 0, 0, 0, 0, 0, 0, 0], 0, ([0, 0, 0], [0, 0, 0, 0]), [0, 0, 0], [0, 0]]
['org.gfd.gsmlocation_14', 0, [0, 0, 0, 0, 0, 0, 0, 0], 0, ([0, 0, 0], [0, 0, 0, 0]), [0, 0, 0], [0, 0]]
['com.mendhak.gpslogger_133', 1, [1, 1, 1, 1, 1, 0, 0, 0], 0, ([1, 0, 1], [2, 2, 0, 0]), [1, 1, 0], [0, 0]]
['net.bmaron.openfixmap_12', 0, [0, 0, 0, 0, 0, 0, 0, 0], 0, ([0, 0, 0], [0, 0, 0, 0]), [0, 0, 0], [0, 0]]
['com.agnibho.android.solarcompass_1', 0, [0, 0, 0, 0, 0, 0, 0, 0], 0, ([0, 0, 0], [0, 0, 0, 0]), [0, 0, 0], [0, 0]]
['net.vonforst.evmap_230', 1, [1, 1, 0, 1, 1, 0, 0, 0], 0, ([591, 61, 530], [1165, 839, 0, 326]), [3, 0, 2], [0, 0]]
['com.weicheng.taipeiyoubikeoffline_2', 0, [0, 0, 0, 0, 0, 0, 0, 0], 0, ([0, 0, 0], [0, 0, 0, 0]), [0, 0, 0], [0, 0]]
['org.sge.haltestellenanzeige_2', 0, [0, 0, 0, 0, 0, 0, 0, 0], 0, ([0, 0, 0], [0, 0, 0, 0]), [0, 0, 0], [0, 0]]
['com.truchsess.send2car_13', 0, [0, 0, 0, 0, 0, 0, 0, 0], 0, ([0, 0, 0], [0, 0, 0, 0]), [0, 0, 0], [0, 0]]
['app.clauncher_340', 0, [0, 0, 0, 0, 0, 0, 0, 0], 0, ([0, 0, 0], [0, 0, 0, 0]), [0, 0, 0], [0, 0]]
['com.outerworldapps.wairtonow_50100', 0, [0, 0, 0, 0, 0, 0, 0, 0], 0, ([0, 0, 0], [0, 0, 0, 0]), [0, 0, 0], [0, 0]]
['org.mysociety.FixMyStreet_39', 0, [0, 0, 0, 0, 0, 0, 0, 0], 0, ([0, 0, 0], [0, 0, 0, 0]), [0, 0, 0], [0, 0]]
['org.debian.eugen.headingcalculator_4', 0, [0, 0, 0, 0, 0, 0, 0, 0], 0, ([0, 0, 0], [0, 0, 0, 0]), [0, 0, 0], [0, 0]]
['com.nextgis.mobile_138', 1, [1, 1, 0, 1, 1, 0, 0, 0], 0, ([11, 11, 0], [28, 26, 0, 2]), [2, 1, 0], [0, 0]]
['danielmeek32.compass_2', 0, [0, 0, 0, 0, 0, 0, 0, 0], 0, ([0, 0, 0], [0, 0, 0, 0]), [0, 0, 0], [0, 0]]
['fr.ign.geoportail_30135', 0, [0, 0, 0, 0, 0, 0, 0, 0], 0, ([0, 0, 0], [0, 0, 0, 0]), [0, 0, 0], [0, 0]]
['truewatcher.tower_82', 0, [0, 0, 0, 0, 0, 0, 0, 0], 0, ([0, 0, 0], [0, 0, 0, 0]), [0, 0, 0], [0, 0]]
['com.vwp.owmini_128', 0, [0, 0, 0, 0, 0, 0, 0, 0], 0, ([0, 0, 0], [0, 0, 0, 0]), [0, 0, 0], [0, 0]]
['player.efis.data.ant.spl_6', 0, [0, 0, 0, 0, 0, 0, 0, 0], 0, ([0, 0, 0], [0, 0, 0, 0]), [0, 0, 0], [0, 0]]
['org.woheller69.PeakOrama_32', 0, [0, 0, 0, 0, 0, 0, 0, 0], 0, ([0, 0, 0], [0, 0, 0, 0]), [0, 0, 0], [0, 0]]
['de.grobox.liberario_127', 1, [1, 1, 0, 1, 1, 0, 0, 0], 0, ([522, 4, 518], [971, 651, 0, 320]), [1, 0, 1], [0, 0]]
['dev.melonpan.kotori_31', 0, [0, 0, 0, 0, 0, 0, 0, 0], 0, ([0, 0, 0], [0, 0, 0, 0]), [0, 0, 0], [0, 0]]
['de.hbch.traewelling_186', 1, [1, 1, 0, 1, 1, 0, 0, 0], 0, ([8, 0, 8], [24, 23, 0, 1]), [1, 0, 1], [0, 0]]
['com.showmehills_30', 0, [0, 0, 0, 0, 0, 0, 0, 0], 0, ([0, 0, 0], [0, 0, 0, 0]), [0, 0, 0], [0, 0]]
['nodomain.freeyourgadget.gadgetbridge_236', 1, [1, 1, 0, 1, 1, 0, 0, 0], 0, ([5, 5, 0], [43, 30, 0, 13]), [2, 2, 0], [0, 0]]
['org.microg.nlp_20187', 0, [0, 0, 0, 0, 0, 0, 0, 0], 0, ([0, 0, 0], [0, 0, 0, 0]), [0, 0, 0], [0, 0]]
['com.redblaster.hsl.main_37', 0, [0, 0, 0, 0, 0, 0, 0, 0], 0, ([0, 0, 0], [0, 0, 0, 0]), [0, 0, 0], [0, 0]]
['freemap.hikar_16', 0, [0, 0, 0, 0, 0, 0, 0, 0], 0, ([0, 0, 0], [0, 0, 0, 0]), [0, 0, 0], [0, 0]]
['fly.speedmeter.grub_24', 0, [0, 0, 0, 0, 0, 0, 0, 0], 0, ([0, 0, 0], [0, 0, 0, 0]), [0, 0, 0], [0, 0]]
['info.zamojski.soft.towercollector_2150617', 0, [0, 0, 0, 0, 0, 0, 0, 0], 0, ([0, 0, 0], [0, 0, 0, 0]), [0, 0, 0], [0, 0]]
['info.zverev.ilya.every_door_503', 1, [1, 0, 0, 0, 0, 0, 0, 0], 0, ([42, 4, 38], [152, 135, 1, 16]), [3, 1, 1], [0, 0]]
['io.github.whirish.tvbuses_10002', 0, [0, 0, 0, 0, 0, 0, 0, 0], 0, ([0, 0, 0], [0, 0, 0, 0]), [0, 0, 0], [0, 0]]
['com.andybotting.tramhunter_1300', 0, [0, 0, 0, 0, 0, 0, 0, 0], 0, ([0, 0, 0], [0, 0, 0, 0]), [0, 0, 0], [0, 0]]
['net.pfiers.osmfocus_160', 1, [1, 1, 0, 1, 1, 0, 0, 0], 0, ([0, 0, 0], [0, 0, 0, 0]), [1, 1, 0], [0, 0]]
['de.westnordost.streetcomplete_6004', 1, [1, 1, 0, 1, 1, 0, 0, 0], 0, ([537, 4, 533], [1010, 684, 0, 326]), [2, 0, 2], [0, 0]]
['com.threedlite.userhash.location_2', 0, [0, 0, 0, 0, 0, 0, 0, 0], 0, ([0, 0, 0], [0, 0, 0, 0]), [0, 0, 0], [0, 0]]
['com.darknessmap_1', 0, [0, 0, 0, 0, 0, 0, 0, 0], 0, ([0, 0, 0], [0, 0, 0, 0]), [0, 0, 0], [0, 0]]
['com.wbrenna.gtfsoffline_10', 0, [0, 0, 0, 0, 0, 0, 0, 0], 0, ([0, 0, 0], [0, 0, 0, 0]), [0, 0, 0], [0, 0]]
['org.mindshub.insigno_903', 1, [1, 0, 0, 0, 0, 0, 0, 0], 0, ([39, 4, 35], [145, 129, 1, 15]), [2, 0, 1], [0, 0]]
['menion.android.whereyougo_20230222', 1, [1, 1, 0, 1, 1, 0, 0, 0], 0, ([43, 43, 0], [105, 97, 0, 8]), [1, 1, 1], [0, 0]]
['fr.corenting.traficparis_30', 0, [0, 0, 0, 0, 0, 0, 0, 0], 0, ([0, 0, 0], [0, 0, 0, 0]), [0, 0, 0], [0, 0]]
['de.hauke_stieler.geonotes_1007001', 1, [1, 1, 0, 1, 1, 0, 0, 0], 0, ([6, 6, 0], [78, 54, 0, 24]), [1, 1, 0], [0, 0]]
['com.gabm.fancyplaces_9', 0, [0, 0, 0, 0, 0, 0, 0, 0], 0, ([0, 0, 0], [0, 0, 0, 0]), [0, 0, 0], [0, 0]]
['net.eneiluj.nextcloud.phonetrack_20', 1, [1, 1, 0, 1, 1, 0, 0, 0], 0, ([284, 284, 0], [922, 700, 0, 222]), [1, 0, 1], [0, 0]]
['de.tu_chemnitz.etit.sse.openstop_22', 1, [1, 1, 0, 0, 1, 0, 0, 0], 0, ([42, 4, 38], [152, 135, 1, 16]), [2, 0, 1], [0, 0]]
['de.sorunome.unifiednlp.trains_15', 0, [0, 0, 0, 0, 0, 0, 0, 0], 0, ([0, 0, 0], [0, 0, 0, 0]), [0, 0, 0], [0, 0]]
['org.woheller69.dumpseeker_15', 0, [0, 0, 0, 0, 0, 0, 0, 0], 0, ([0, 0, 0], [0, 0, 0, 0]), [0, 0, 0], [0, 0]]
['com.purplefoto.pfdock_3', 0, [0, 0, 0, 0, 0, 0, 0, 0], 0, ([0, 0, 0], [0, 0, 0, 0]), [0, 0, 0], [0, 0]]
['com.example.hochi.nextcompanion_9', 0, [0, 0, 0, 0, 0, 0, 0, 0], 0, ([0, 0, 0], [0, 0, 0, 0]), [0, 0, 0], [0, 0]]
['net.osmand.plus_491003', 1, [1, 0, 0, 0, 0, 0, 0, 0], 0, ([5238, 5238, 0], [20006, 14633, 1, 5372]), [6, 2, 2], [0, 0]]
['net.osmtracker_62', 0, [0, 0, 0, 0, 0, 0, 0, 0], 0, ([0, 0, 0], [0, 0, 0, 0]), [0, 0, 0], [0, 0]]
['com.bobek.compass_26', 0, [0, 0, 0, 0, 0, 0, 0, 0], 0, ([0, 0, 0], [0, 0, 0, 0]), [0, 0, 0], [0, 0]]
['fr.asterope_1', 0, [0, 0, 0, 0, 0, 0, 0, 0], 0, ([0, 0, 0], [0, 0, 0, 0]), [0, 0, 0], [0, 0]]
['cz.harvie.northdog_3', 0, [0, 0, 0, 0, 0, 0, 0, 0], 0, ([0, 0, 0], [0, 0, 0, 0]), [0, 0, 0], [0, 0]]
['net.mypapit.mobile.myposition_18', 0, [0, 0, 0, 0, 0, 0, 0, 0], 0, ([0, 0, 0], [0, 0, 0, 0]), [0, 0, 0], [0, 0]]
['com.oF2pks.jquarks_24', 0, [0, 0, 0, 0, 0, 0, 0, 0], 0, ([0, 0, 0], [0, 0, 0, 0]), [0, 0, 0], [0, 0]]
['com.ds.avare_402', 0, [0, 0, 0, 0, 0, 0, 0, 0], 0, ([0, 0, 0], [0, 0, 0, 0]), [0, 0, 0], [0, 0]]
['fr.nocle.passegares_256', 0, [0, 0, 0, 0, 0, 0, 0, 0], 0, ([0, 0, 0], [0, 0, 0, 0]), [0, 0, 0], [0, 0]]
['net.mcarolan.whenzebus_1', 0, [0, 0, 0, 0, 0, 0, 0, 0], 0, ([0, 0, 0], [0, 0, 0, 0]), [0, 0, 0], [0, 0]]
['org.radar.app_80002', 1, [1, 0, 0, 0, 0, 0, 0, 0], 0, ([86, 86, 0], [236, 214, 1, 21]), [31, 1, 4], [0, 0]]
['au.id.micolous.farebot_3920', 0, [0, 0, 0, 0, 0, 0, 0, 0], 0, ([0, 0, 0], [0, 0, 0, 0]), [0, 0, 0], [0, 0]]
['player.efis.data.usa.can_6', 0, [0, 0, 0, 0, 0, 0, 0, 0], 0, ([0, 0, 0], [0, 0, 0, 0]), [0, 0, 0], [0, 0]]
['de.westnordost.streetcomplete.expert_6003', 1, [1, 1, 0, 1, 1, 0, 0, 0], 0, ([598, 65, 533], [1210, 881, 0, 329]), [3, 0, 3], [0, 0]]
['com.icecondor.nest_20150402', 0, [0, 0, 0, 0, 0, 0, 0, 0], 0, ([0, 0, 0], [0, 0, 0, 0]), [0, 0, 0], [0, 0]]
['org.osmdroid_55', 1, [1, 1, 0, 1, 1, 0, 0, 0], 0, ([29, 29, 0], [96, 93, 0, 3]), [1, 0, 1], [0, 0]]
['com.kylecorry.trail_sense_128', 1, [1, 1, 0, 1, 1, 0, 0, 0], 0, ([11, 7, 4], [105, 74, 0, 31]), [4, 4, 0], [0, 0]]
['us.spotco.maps_37', 0, [0, 0, 0, 0, 0, 0, 0, 0], 0, ([0, 0, 0], [0, 0, 0, 0]), [0, 0, 0], [0, 0]]
['org.traccar.client_88', 0, [0, 0, 0, 0, 0, 0, 0, 0], 0, ([0, 0, 0], [0, 0, 0, 0]), [0, 0, 0], [0, 0]]
['in.ac.iitb.cse.cartsbusboarding_15', 0, [0, 0, 0, 0, 0, 0, 0, 0], 0, ([2, 0, 2], [3, 3, 0, 0]), [0, 0, 0], [0, 0]]
['de.hu_berlin.informatik.spws2014.mapever_1', 1, [0, 1, 0, 0, 0, 0, 0, 0], 0, ([1060, 1060, 0], [4862, 4860, 0, 2]), [2, 2, 1], [0, 0]]
['com.vonglasow.michael.satstat_30500', 0, [0, 0, 0, 0, 0, 0, 0, 0], 0, ([0, 0, 0], [0, 0, 0, 0]), [0, 0, 0], [0, 0]]
['org.woheller69.lavatories_25', 0, [0, 0, 0, 0, 0, 0, 0, 0], 0, ([0, 0, 0], [0, 0, 0, 0]), [0, 0, 0], [0, 0]]
['org.stypox.tridenta_40', 0, [0, 0, 0, 0, 0, 0, 0, 0], 0, ([0, 0, 0], [0, 0, 0, 0]), [0, 0, 0], [0, 0]]
['net.retiolus.osm2gmaps_29', 0, [0, 0, 0, 0, 0, 0, 0, 0], 0, ([0, 0, 0], [0, 0, 0, 0]), [0, 0, 0], [0, 0]]
['de.nulide.bikecomputer_6', 0, [0, 0, 0, 0, 0, 0, 0, 0], 0, ([0, 0, 0], [0, 0, 0, 0]), [0, 0, 0], [0, 0]]
['fr.fdesousa.bikesharinghub_32', 0, [0, 0, 0, 0, 0, 0, 0, 0], 0, ([0, 0, 0], [0, 0, 0, 0]), [0, 0, 0], [0, 0]]
['mobi.maptrek_107', 1, [1, 1, 0, 1, 1, 0, 0, 0], 0, ([35, 35, 0], [139, 138, 0, 1]), [1, 1, 0], [0, 0]]
['org.woheller69.gpscockpit_260', 0, [0, 0, 0, 0, 0, 0, 0, 0], 0, ([0, 0, 0], [0, 0, 0, 0]), [0, 0, 0], [0, 0]]
['dev.cyberme0w.openbike_5', 0, [0, 0, 0, 0, 0, 0, 0, 0], 0, ([0, 0, 0], [0, 0, 0, 0]), [0, 0, 0], [0, 0]]
['eu.woju.android.packages.hud_12', 0, [0, 0, 0, 0, 0, 0, 0, 0], 0, ([0, 0, 0], [0, 0, 0, 0]), [0, 0, 0], [0, 0]]
['org.kde.ktrip_1', 1, [0, 1, 0, 0, 0, 0, 0, 0], 0, ([84, 80, 4], [226, 206, 1, 19]), [54, 1, 4], [0, 0]]
['fr.ybo.transportsbordeaux_325', 0, [0, 0, 0, 0, 0, 0, 0, 0], 0, ([0, 0, 0], [0, 0, 0, 0]), [0, 0, 0], [0, 0]]
['se.norenh.rkfread_4', 0, [0, 0, 0, 0, 0, 0, 0, 0], 0, ([0, 0, 0], [0, 0, 0, 0]), [0, 0, 0], [0, 0]]
['fr.ybo.transportsrennes_413', 0, [0, 0, 0, 0, 0, 0, 0, 0], 0, ([0, 0, 0], [0, 0, 0, 0]), [0, 0, 0], [0, 0]]
['com.vwp.owmap_136', 0, [0, 0, 0, 0, 0, 0, 0, 0], 0, ([0, 0, 0], [0, 0, 0, 0]), [0, 0, 0], [0, 0]]
['io.github.fvasco.pinpoi_96', 0, [0, 0, 0, 0, 0, 0, 0, 0], 0, ([0, 0, 0], [0, 0, 0, 0]), [0, 0, 0], [0, 0]]
['app.ladefuchs.android_324', 1, [1, 1, 0, 1, 1, 0, 0, 0], 0, ([391, 160, 231], [942, 752, 0, 190]), [49, 2, 27], [0, 0]]
['net.nhiroki.bluesquarespeedometer_8', 0, [0, 0, 0, 0, 0, 0, 0, 0], 0, ([0, 0, 0], [0, 0, 0, 0]), [0, 0, 0], [0, 0]]
['tk.giesecke.disaster_radio_17', 0, [0, 0, 0, 0, 0, 0, 0, 0], 0, ([0, 0, 0], [0, 0, 0, 0]), [0, 0, 0], [0, 0]]
['com.espruino.gadgetbridge.banglejs_236', 1, [1, 1, 0, 1, 1, 0, 0, 0], 0, ([5, 5, 0], [43, 30, 0, 13]), [2, 2, 0], [0, 0]]
['com.vonglasow.michael.qz_20200', 0, [0, 0, 0, 0, 0, 0, 0, 0], 0, ([40, 3, 37], [63, 62, 0, 1]), [0, 0, 0], [0, 0]]
['com.gpstether_3', 0, [0, 0, 0, 0, 0, 0, 0, 0], 0, ([0, 0, 0], [0, 0, 0, 0]), [0, 0, 0], [0, 0]]
['com.shanewmiller.gorecompanion_3', 0, [0, 0, 0, 0, 0, 0, 0, 0], 0, ([0, 0, 0], [0, 0, 0, 0]), [0, 0, 0], [0, 0]]
['com.borneq.heregpslocation_1', 0, [0, 0, 0, 0, 0, 0, 0, 0], 0, ([0, 0, 0], [0, 0, 0, 0]), [0, 0, 0], [0, 0]]
['de.blau.android_3004', 0, [0, 0, 0, 0, 0, 0, 0, 0], 0, ([0, 0, 0], [0, 0, 0, 0]), [0, 0, 0], [0, 0]]
['com.memetro.android_13', 0, [0, 0, 0, 0, 0, 0, 0, 0], 0, ([0, 0, 0], [0, 0, 0, 0]), [0, 0, 0], [0, 0]]
['app.hkTransport_106', 0, [0, 0, 0, 0, 0, 0, 0, 0], 0, ([0, 0, 0], [0, 0, 0, 0]), [0, 0, 0], [0, 0]]
