apk_name, have_lib, [arm64-v8a, armeabi-v7a, armeabi, x86, x86_64, mips, mips64, other], native-activity, ([jni_method_total_num, static_num, nostatic_num], [total_all_type, total_basic_type, total_icc_type, total_complex_type, total_complex_type]), [so_total_num, so_Java_num, so_onLoad_num], [have_other_elf, have_pwd_zip]
['com.leinardi.kitchentimer_116', 0, [0, 0, 0, 0, 0, 0, 0, 0], 0, ([0, 0, 0], [0, 0, 0, 0]), [0, 0, 0], [0, 0]]
['de.markusfisch.android.screentime_14', 0, [0, 0, 0, 0, 0, 0, 0, 0], 0, ([0, 0, 0], [0, 0, 0, 0]), [0, 0, 0], [0, 0]]
['org.secuso.privacyfriendlytodolist_12', 0, [0, 0, 0, 0, 0, 0, 0, 0], 0, ([0, 0, 0], [0, 0, 0, 0]), [0, 0, 0], [0, 0]]
['com.lucasdnd.bitclock16_1', 0, [0, 0, 0, 0, 0, 0, 0, 0], 0, ([0, 0, 0], [0, 0, 0, 0]), [0, 0, 0], [0, 0]]
['cat.naval.florae_5', 1, [1, 1, 0, 0, 1, 0, 0, 0], 0, ([41, 4, 37], [151, 134, 1, 16]), [2, 0, 1], [0, 0]]
['com.wattwurm.toodoo_7', 0, [0, 0, 0, 0, 0, 0, 0, 0], 0, ([0, 0, 0], [0, 0, 0, 0]), [0, 0, 0], [0, 0]]
['com.lucasdnd.decimaltimeclockwidget_10', 0, [0, 0, 0, 0, 0, 0, 0, 0], 0, ([0, 0, 0], [0, 0, 0, 0]), [0, 0, 0], [0, 0]]
['com.mathi_amorim.emmanuel.metrictime_4', 0, [0, 0, 0, 0, 0, 0, 0, 0], 0, ([0, 0, 0], [0, 0, 0, 0]), [0, 0, 0], [0, 0]]
['com.github.fi3te.notificationcron_26010600', 0, [0, 0, 0, 0, 0, 0, 0, 0], 0, ([0, 0, 0], [0, 0, 0, 0]), [0, 0, 0], [0, 0]]
['de.arnefeil.bewegungsmelder_140632', 0, [0, 0, 0, 0, 0, 0, 0, 0], 0, ([0, 0, 0], [0, 0, 0, 0]), [0, 0, 0], [0, 0]]
['com.mcsnowflake.worktimer_9', 0, [0, 0, 0, 0, 0, 0, 0, 0], 0, ([0, 0, 0], [0, 0, 0, 0]), [0, 0, 0], [0, 0]]
['eu.polarclock_10', 0, [0, 0, 0, 0, 0, 0, 0, 0], 0, ([0, 0, 0], [0, 0, 0, 0]), [0, 0, 0], [0, 0]]
['com.willianveiga.countdowntimer_4', 0, [0, 0, 0, 0, 0, 0, 0, 0], 0, ([0, 0, 0], [0, 0, 0, 0]), [0, 0, 0], [0, 0]]
['za.co.neilson.alarm_4', 0, [0, 0, 0, 0, 0, 0, 0, 0], 0, ([0, 0, 0], [0, 0, 0, 0]), [0, 0, 0], [0, 0]]
['fr.smarquis.sleeptimer_13200', 0, [0, 0, 0, 0, 0, 0, 0, 0], 0, ([0, 0, 0], [0, 0, 0, 0]), [0, 0, 0], [0, 0]]
['at.linuxtage.Eventfahrplan_1700022', 0, [0, 0, 0, 0, 0, 0, 0, 0], 0, ([0, 0, 0], [0, 0, 0, 0]), [0, 0, 0], [0, 0]]
['com.sleeptimer_8', 0, [0, 0, 0, 0, 0, 0, 0, 0], 0, ([0, 0, 0], [0, 0, 0, 0]), [0, 0, 0], [0, 0]]
['com.antonok.warpclock_3', 0, [0, 0, 0, 0, 0, 0, 0, 0], 0, ([0, 0, 0], [0, 0, 0, 0]), [0, 0, 0], [0, 0]]
['com.superproductivity.superproductivity_1101020000', 0, [0, 0, 0, 0, 0, 0, 0, 0], 0, ([0, 0, 0], [0, 0, 0, 0]), [0, 0, 0], [0, 0]]
['org.gringene.concentricclock_3', 0, [0, 0, 0, 0, 0, 0, 0, 0], 0, ([0, 0, 0], [0, 0, 0, 0]), [0, 0, 0], [0, 0]]
['org.schabi.terminightor_12', 0, [0, 0, 0, 0, 0, 0, 0, 0], 0, ([0, 0, 0], [0, 0, 0, 0]), [0, 0, 0], [0, 0]]
['com.github.ympavlov.minidoro_113', 0, [0, 0, 0, 0, 0, 0, 0, 0], 0, ([0, 0, 0], [0, 0, 0, 0]), [0, 0, 0], [0, 0]]
['douzifly.list_21', 0, [0, 0, 0, 0, 0, 0, 0, 0], 0, ([0, 0, 0], [0, 0, 0, 0]), [0, 0, 0], [0, 0]]
['com.emmanuelmess.deadlinesapp.free_2', 1, [1, 1, 0, 1, 1, 0, 0, 0], 0, ([31, 4, 27], [113, 101, 1, 11]), [3, 0, 1], [0, 0]]
['info.metadude.android.rc3.schedule_91', 0, [0, 0, 0, 0, 0, 0, 0, 0], 0, ([184, 39, 145], [357, 174, 7, 176]), [0, 0, 0], [0, 0]]
['com.oryanmat.trellowidget_110', 0, [0, 0, 0, 0, 0, 0, 0, 0], 0, ([0, 0, 0], [0, 0, 0, 0]), [0, 0, 0], [0, 0]]
['com.apps.adrcotfas.goodtime_156', 0, [0, 0, 0, 0, 0, 0, 0, 0], 0, ([0, 0, 0], [0, 0, 0, 0]), [0, 0, 0], [0, 0]]
['team.swing.pendulums_4', 0, [0, 0, 0, 0, 0, 0, 0, 0], 0, ([0, 0, 0], [0, 0, 0, 0]), [0, 0, 0], [0, 0]]
['org.andstatus.todoagenda_710', 0, [0, 0, 0, 0, 0, 0, 0, 0], 0, ([0, 0, 0], [0, 0, 0, 0]), [0, 0, 0], [0, 0]]
['com.gyorog.polycal_7', 0, [0, 0, 0, 0, 0, 0, 0, 0], 0, ([0, 0, 0], [0, 0, 0, 0]), [0, 0, 0], [0, 0]]
['at.jclehner.rxdroid_9380', 0, [0, 0, 0, 0, 0, 0, 0, 0], 0, ([0, 0, 0], [0, 0, 0, 0]), [0, 0, 0], [0, 0]]
['info.metadude.android.bitsundbaeume.schedule_90', 0, [0, 0, 0, 0, 0, 0, 0, 0], 0, ([0, 0, 0], [0, 0, 0, 0]), [0, 0, 0], [0, 0]]
['info.metadude.android.mrmcd.schedule_105', 1, [1, 1, 0, 1, 1, 0, 0, 0], 0, ([8, 0, 8], [24, 23, 0, 1]), [1, 0, 1], [0, 0]]
['io.timelimit.android.open_217', 0, [0, 0, 0, 0, 0, 0, 0, 0], 0, ([5, 0, 5], [14, 14, 0, 0]), [0, 0, 0], [0, 0]]
['uk.co.yahoo.p1rpp.calendartrigger_8', 0, [0, 0, 0, 0, 0, 0, 0, 0], 0, ([0, 0, 0], [0, 0, 0, 0]), [0, 0, 0], [0, 0]]
['info.metadude.android.fosdem.schedule_108', 1, [1, 1, 0, 1, 1, 0, 0, 0], 0, ([8, 0, 8], [24, 23, 0, 1]), [1, 0, 1], [0, 0]]
['com.github.ooz.heymeditation_4', 0, [0, 0, 0, 0, 0, 0, 0, 0], 0, ([0, 0, 0], [0, 0, 0, 0]), [0, 0, 0], [0, 0]]
['info.metadude.android.cccamp.schedule_96', 0, [0, 0, 0, 0, 0, 0, 0, 0], 0, ([0, 0, 0], [0, 0, 0, 0]), [0, 0, 0], [0, 0]]
['info.metadude.android.libreoffice.schedule_106', 1, [1, 1, 0, 1, 1, 0, 0, 0], 0, ([8, 0, 8], [24, 23, 0, 1]), [1, 0, 1], [0, 0]]
['de.live.gdev.timetracker_26', 0, [0, 0, 0, 0, 0, 0, 0, 0], 0, ([0, 0, 0], [0, 0, 0, 0]), [0, 0, 0], [0, 0]]
['com.goltzkiste.guessaday_8', 0, [0, 0, 0, 0, 0, 0, 0, 0], 0, ([0, 0, 0], [0, 0, 0, 0]), [0, 0, 0], [0, 0]]
['com.oml.recordtimedroid_25', 0, [0, 0, 0, 0, 0, 0, 0, 0], 0, ([0, 0, 0], [0, 0, 0, 0]), [0, 0, 0], [0, 0]]
['com.exner.tools.meditationtimer_5', 1, [1, 1, 0, 1, 1, 0, 0, 0], 0, ([0, 0, 0], [0, 0, 0, 0]), [1, 1, 0], [0, 0]]
['com.vicolo.chrono_283', 1, [0, 0, 0, 0, 1, 0, 0, 0], 0, ([41, 4, 37], [151, 134, 1, 16]), [2, 0, 1], [0, 0]]
['at.bitfire.icsdroid_82', 1, [1, 1, 0, 1, 1, 0, 0, 0], 0, ([296, 288, 8], [964, 738, 0, 226]), [3, 1, 2], [0, 0]]
['com.nathanatos.Cuppa_54', 1, [1, 1, 0, 0, 1, 0, 0, 0], 0, ([42, 4, 38], [152, 135, 1, 16]), [2, 0, 1], [0, 0]]
['com.github.meypod.al_azan_77004', 1, [0, 0, 0, 0, 1, 0, 0, 0], 0, ([803, 155, 648], [1663, 1210, 0, 453]), [47, 2, 23], [0, 0]]
['com.exner.tools.fototimer_11', 1, [1, 1, 0, 1, 1, 0, 0, 0], 0, ([0, 0, 0], [0, 0, 0, 0]), [1, 1, 0], [0, 0]]
['com.eibriel.reddot_3', 0, [0, 0, 0, 0, 0, 0, 0, 0], 0, ([0, 0, 0], [0, 0, 0, 0]), [0, 0, 0], [0, 0]]
['com.myclosetx_8', 1, [1, 1, 0, 1, 1, 0, 0, 0], 0, ([306, 136, 170], [755, 619, 0, 136]), [55, 0, 16], [0, 0]]
['io.naox.inbe_36', 1, [1, 1, 0, 0, 1, 0, 0, 0], 0, ([41, 4, 37], [151, 134, 1, 16]), [2, 0, 1], [0, 0]]
['org.fossify.clock_1', 0, [0, 0, 0, 0, 0, 0, 0, 0], 0, ([0, 0, 0], [0, 0, 0, 0]), [0, 0, 0], [0, 0]]
['net.gaast.giggity_532', 0, [0, 0, 0, 0, 0, 0, 0, 0], 0, ([0, 0, 0], [0, 0, 0, 0]), [0, 0, 0], [0, 0]]
['org.kde.bettercounter_41002', 0, [0, 0, 0, 0, 0, 0, 0, 0], 0, ([0, 0, 0], [0, 0, 0, 0]), [0, 0, 0], [0, 0]]
['eu.nemui.ailin.uclock_2', 0, [0, 0, 0, 0, 0, 0, 0, 0], 0, ([0, 0, 0], [0, 0, 0, 0]), [0, 0, 0], [0, 0]]
['ru.ikkui.achie_9', 0, [0, 0, 0, 0, 0, 0, 0, 0], 0, ([0, 0, 0], [0, 0, 0, 0]), [0, 0, 0], [0, 0]]
['info.metadude.android.gpn.schedule_101', 0, [0, 0, 0, 0, 0, 0, 0, 0], 0, ([0, 0, 0], [0, 0, 0, 0]), [0, 0, 0], [0, 0]]
['wiseguys.radar_12', 0, [0, 0, 0, 0, 0, 0, 0, 0], 0, ([0, 0, 0], [0, 0, 0, 0]), [0, 0, 0], [0, 0]]
['hu.vmiklos.plees_tracker_60', 0, [0, 0, 0, 0, 0, 0, 0, 0], 0, ([0, 0, 0], [0, 0, 0, 0]), [0, 0, 0], [0, 0]]
['com.juet.attendance_6', 0, [0, 0, 0, 0, 0, 0, 0, 0], 0, ([0, 0, 0], [0, 0, 0, 0]), [0, 0, 0], [0, 0]]
['com.chancehorizon.just24hoursplus_10401', 0, [0, 0, 0, 0, 0, 0, 0, 0], 0, ([0, 0, 0], [0, 0, 0, 0]), [0, 0, 0], [0, 0]]
['com.leinardi.ubuntucountdownwidget_1695620003', 0, [0, 0, 0, 0, 0, 0, 0, 0], 0, ([0, 0, 0], [0, 0, 0, 0]), [0, 0, 0], [0, 0]]
['com.elementlo.spark_list_7', 1, [1, 0, 0, 0, 0, 0, 0, 0], 0, ([37, 4, 33], [141, 125, 1, 15]), [3, 0, 1], [0, 0]]
['omegacentauri.mobi.simplestopwatch_31', 0, [0, 0, 0, 0, 0, 0, 0, 0], 0, ([0, 0, 0], [0, 0, 0, 0]), [0, 0, 0], [0, 0]]
['com.casimirlab.simpleDeadlines_19', 0, [0, 0, 0, 0, 0, 0, 0, 0], 0, ([0, 0, 0], [0, 0, 0, 0]), [0, 0, 0], [0, 0]]
['com.maforn.timedshutdown_29', 0, [0, 0, 0, 0, 0, 0, 0, 0], 0, ([0, 0, 0], [0, 0, 0, 0]), [0, 0, 0], [0, 0]]
['rocks.poopjournal.vacationdays_10', 0, [0, 0, 0, 0, 0, 0, 0, 0], 0, ([0, 0, 0], [0, 0, 0, 0]), [0, 0, 0], [0, 0]]
['com.cepmuvakkit.times_200', 0, [0, 0, 0, 0, 0, 0, 0, 0], 0, ([0, 0, 0], [0, 0, 0, 0]), [0, 0, 0], [0, 0]]
['com.forrestguice.suntimeswidget_118', 0, [0, 0, 0, 0, 0, 0, 0, 0], 0, ([0, 0, 0], [0, 0, 0, 0]), [0, 0, 0], [0, 0]]
['com.angrydoughnuts.android.alarmclock_25', 0, [0, 0, 0, 0, 0, 0, 0, 0], 0, ([0, 0, 0], [0, 0, 0, 0]), [0, 0, 0], [0, 0]]
['de.antonwolf.agendawidget_22', 0, [0, 0, 0, 0, 0, 0, 0, 0], 0, ([0, 0, 0], [0, 0, 0, 0]), [0, 0, 0], [0, 0]]
['sh.ftp.rocketninelabs.meditationassistant.opensource_169', 0, [0, 0, 0, 0, 0, 0, 0, 0], 0, ([0, 0, 0], [0, 0, 0, 0]), [0, 0, 0], [0, 0]]
['io.github.engsergiu.react_4', 0, [0, 0, 0, 0, 0, 0, 0, 0], 0, ([0, 0, 0], [0, 0, 0, 0]), [0, 0, 0], [0, 0]]
['com.irahul.worldclock_2', 0, [0, 0, 0, 0, 0, 0, 0, 0], 0, ([0, 0, 0], [0, 0, 0, 0]), [0, 0, 0], [0, 0]]
['com.byagowi.persiancalendar_960', 1, [1, 1, 0, 1, 1, 0, 0, 0], 0, ([8, 0, 8], [24, 23, 0, 1]), [1, 0, 1], [0, 0]]
['v4lpt.vpt.f036.esw_111', 0, [0, 0, 0, 0, 0, 0, 0, 0], 0, ([0, 0, 0], [0, 0, 0, 0]), [0, 0, 0], [0, 0]]
['de.jepfa.personaltasklogger_10703', 1, [1, 1, 0, 0, 1, 0, 0, 0], 0, ([41, 4, 37], [151, 134, 1, 16]), [2, 0, 1], [0, 0]]
['org.tmurakam.presentationtimer_3', 0, [0, 0, 0, 0, 0, 0, 0, 0], 0, ([0, 0, 0], [0, 0, 0, 0]), [0, 0, 0], [0, 0]]
['ca.hamaluik.timecop_45', 1, [1, 1, 0, 0, 1, 0, 0, 0], 0, ([38, 4, 34], [143, 127, 1, 15]), [2, 0, 1], [0, 0]]
['org.yuttadhammo.BodhiTimer_98', 0, [0, 0, 0, 0, 0, 0, 0, 0], 0, ([95, 15, 80], [165, 75, 4, 86]), [0, 0, 0], [0, 0]]
['org.mattvchandler.progressbars_190020102', 0, [0, 0, 0, 0, 0, 0, 0, 0], 0, ([0, 0, 0], [0, 0, 0, 0]), [0, 0, 0], [0, 0]]
['dev.corruptedark.diditakemymeds_35', 0, [0, 0, 0, 0, 0, 0, 0, 0], 0, ([0, 0, 0], [0, 0, 0, 0]), [0, 0, 0], [0, 0]]
['de.felixnuesse.timedsilence_9', 0, [0, 0, 0, 0, 0, 0, 0, 0], 0, ([0, 0, 0], [0, 0, 0, 0]), [0, 0, 0], [0, 0]]
['com.java.SmokeReducer_1', 0, [0, 0, 0, 0, 0, 0, 0, 0], 0, ([0, 0, 0], [0, 0, 0, 0]), [0, 0, 0], [0, 0]]
['info.metadude.android.fossgis.schedule_100', 0, [0, 0, 0, 0, 0, 0, 0, 0], 0, ([0, 0, 0], [0, 0, 0, 0]), [0, 0, 0], [0, 0]]
['ca.rmen.android.scrumchatter_10606', 0, [0, 0, 0, 0, 0, 0, 0, 0], 0, ([0, 0, 0], [0, 0, 0, 0]), [0, 0, 0], [0, 0]]
['com.nfcalarmclock_471', 0, [0, 0, 0, 0, 0, 0, 0, 0], 0, ([0, 0, 0], [0, 0, 0, 0]), [0, 0, 0], [0, 0]]
['info.metadude.android.foss4g.schedule_103', 0, [0, 0, 0, 0, 0, 0, 0, 0], 0, ([0, 0, 0], [0, 0, 0, 0]), [0, 0, 0], [0, 0]]
['io.github.vendelin8.elements_1003', 1, [1, 0, 0, 0, 0, 0, 0, 0], 0, ([91, 18, 73], [244, 175, 4, 65]), [2, 0, 1], [0, 0]]
['com.github.alijc.cricketsalarm_2', 0, [0, 0, 0, 0, 0, 0, 0, 0], 0, ([0, 0, 0], [0, 0, 0, 0]), [0, 0, 0], [0, 0]]
['org.ligi.materialteatimer_14', 0, [0, 0, 0, 0, 0, 0, 0, 0], 0, ([0, 0, 0], [0, 0, 0, 0]), [0, 0, 0], [0, 0]]
['tibarj.tranquilstopwatch_2', 0, [0, 0, 0, 0, 0, 0, 0, 0], 0, ([0, 0, 0], [0, 0, 0, 0]), [0, 0, 0], [0, 0]]
['com.nyxkn.meditation_1703', 1, [1, 0, 0, 0, 0, 0, 0, 0], 0, ([41, 4, 37], [151, 134, 1, 16]), [2, 0, 1], [0, 0]]
['com.iatfei.streakalarm_27', 0, [0, 0, 0, 0, 0, 0, 0, 0], 0, ([0, 0, 0], [0, 0, 0, 0]), [0, 0, 0], [0, 0]]
['de.cyberit.wasgeht_11', 0, [0, 0, 0, 0, 0, 0, 0, 0], 0, ([0, 0, 0], [0, 0, 0, 0]), [0, 0, 0], [0, 0]]
['org.fossify.calendar_6', 1, [1, 1, 0, 1, 1, 0, 0, 0], 0, ([8, 0, 8], [24, 23, 0, 1]), [1, 0, 1], [0, 0]]
['app.smarzaro.foss4g2024.schedule_105', 1, [1, 1, 0, 1, 1, 0, 0, 0], 0, ([8, 0, 8], [24, 23, 0, 1]), [1, 0, 1], [0, 0]]
['com.politedroid_6', 0, [0, 0, 0, 0, 0, 0, 0, 0], 0, ([0, 0, 0], [0, 0, 0, 0]), [0, 0, 0], [0, 0]]
['org.avmedia.gshockGoogleSync_215', 1, [1, 1, 0, 1, 1, 0, 0, 0], 0, ([19, 7, 12], [112, 86, 0, 26]), [4, 3, 1], [0, 0]]
['com.icechen1.notable.pro_44', 0, [0, 0, 0, 0, 0, 0, 0, 0], 0, ([0, 0, 0], [0, 0, 0, 0]), [0, 0, 0], [0, 0]]
['com.haringeymobile.ukweather_31', 0, [0, 0, 0, 0, 0, 0, 0, 0], 0, ([173, 30, 143], [289, 136, 7, 146]), [0, 0, 0], [0, 0]]
['org.birthdayadapter_19', 0, [0, 0, 0, 0, 0, 0, 0, 0], 0, ([0, 0, 0], [0, 0, 0, 0]), [0, 0, 0], [0, 0]]
['de.ferreum.pto_3003000', 0, [0, 0, 0, 0, 0, 0, 0, 0], 0, ([0, 0, 0], [0, 0, 0, 0]), [0, 0, 0], [0, 0]]
['com.alaskalinuxuser.hourglass_6', 0, [0, 0, 0, 0, 0, 0, 0, 0], 0, ([0, 0, 0], [0, 0, 0, 0]), [0, 0, 0], [0, 0]]
['cz.jirkovsky.lukas.chmupocasi_30010', 0, [0, 0, 0, 0, 0, 0, 0, 0], 0, ([0, 0, 0], [0, 0, 0, 0]), [0, 0, 0], [0, 0]]
['xyz.crucitti.friendalert_3', 0, [0, 0, 0, 0, 0, 0, 0, 0], 0, ([0, 0, 0], [0, 0, 0, 0]), [0, 0, 0], [0, 0]]
['akk.astro.droid.moonphase_2', 0, [0, 0, 0, 0, 0, 0, 0, 0], 0, ([0, 0, 0], [0, 0, 0, 0]), [0, 0, 0], [0, 0]]
['eu.mirkodi.swatchbeatclock_17', 0, [0, 0, 0, 0, 0, 0, 0, 0], 0, ([0, 0, 0], [0, 0, 0, 0]), [0, 0, 0], [0, 0]]
['io.timelimit.android.aosp.direct_221', 1, [1, 1, 0, 1, 1, 0, 0, 0], 0, ([14, 0, 14], [41, 40, 0, 1]), [1, 0, 1], [0, 0]]
['com.gitlab.kreikenbaum.suntime.fdroid_9', 0, [0, 0, 0, 0, 0, 0, 0, 0], 0, ([0, 0, 0], [0, 0, 0, 0]), [0, 0, 0], [0, 0]]
['v4lpt.vpt.f005.rsd_104', 0, [0, 0, 0, 0, 0, 0, 0, 0], 0, ([0, 0, 0], [0, 0, 0, 0]), [0, 0, 0], [0, 0]]
['ru.aleshin.timeplanner_31', 1, [1, 1, 0, 1, 1, 0, 0, 0], 0, ([8, 0, 8], [24, 23, 0, 1]), [1, 0, 1], [0, 0]]
['info.metadude.android.hope.schedule_103', 0, [0, 0, 0, 0, 0, 0, 0, 0], 0, ([0, 0, 0], [0, 0, 0, 0]), [0, 0, 0], [0, 0]]
['de.quaddyservices.dynamicnightlight_2110', 0, [0, 0, 0, 0, 0, 0, 0, 0], 0, ([0, 0, 0], [0, 0, 0, 0]), [0, 0, 0], [0, 0]]
['com.sweak.qralarm_43', 1, [1, 1, 0, 1, 1, 0, 0, 0], 0, ([14, 6, 8], [91, 69, 0, 22]), [4, 3, 1], [0, 0]]
['org.hiittimer.hiittimer_1', 0, [0, 0, 0, 0, 0, 0, 0, 0], 0, ([0, 0, 0], [0, 0, 0, 0]), [0, 0, 0], [0, 0]]
['dubrowgn.microtimer_9', 0, [0, 0, 0, 0, 0, 0, 0, 0], 0, ([0, 0, 0], [0, 0, 0, 0]), [0, 0, 0], [0, 0]]
['com.dosse.clock31_5', 0, [0, 0, 0, 0, 0, 0, 0, 0], 0, ([0, 0, 0], [0, 0, 0, 0]), [0, 0, 0], [0, 0]]
['com.lucasdnd.unixtimeclockwidget_2', 0, [0, 0, 0, 0, 0, 0, 0, 0], 0, ([0, 0, 0], [0, 0, 0, 0]), [0, 0, 0], [0, 0]]
['fr.s3i.pointeuse_1', 0, [0, 0, 0, 0, 0, 0, 0, 0], 0, ([0, 0, 0], [0, 0, 0, 0]), [0, 0, 0], [0, 0]]
['org.hekmatof.chesswatch_2', 0, [0, 0, 0, 0, 0, 0, 0, 0], 0, ([0, 0, 0], [0, 0, 0, 0]), [0, 0, 0], [0, 0]]
['com.dev.xavier.tempusromanum_251', 0, [0, 0, 0, 0, 0, 0, 0, 0], 0, ([0, 0, 0], [0, 0, 0, 0]), [0, 0, 0], [0, 0]]
['com.paultirk.yatoo_20', 0, [0, 0, 0, 0, 0, 0, 0, 0], 0, ([0, 0, 0], [0, 0, 0, 0]), [0, 0, 0], [0, 0]]
['org.zephyrsoft.trackworktime_70', 0, [0, 0, 0, 0, 0, 0, 0, 0], 0, ([0, 0, 0], [0, 0, 0, 0]), [0, 0, 0], [0, 0]]
['com.minar.birday_33', 0, [0, 0, 0, 0, 0, 0, 0, 0], 0, ([0, 0, 0], [0, 0, 0, 0]), [0, 0, 0], [0, 0]]
['io.github.aoc_normal_1', 0, [0, 0, 0, 0, 0, 0, 0, 0], 0, ([0, 0, 0], [0, 0, 0, 0]), [0, 0, 0], [0, 0]]
['ca.littlesvr.everyonestimetable_5', 0, [0, 0, 0, 0, 0, 0, 0, 0], 0, ([0, 0, 0], [0, 0, 0, 0]), [0, 0, 0], [0, 0]]
['com.atr.hiit_3', 0, [0, 0, 0, 0, 0, 0, 0, 0], 0, ([0, 0, 0], [0, 0, 0, 0]), [0, 0, 0], [0, 0]]
['it.danieleverducci.lunatracker_2', 0, [0, 0, 0, 0, 0, 0, 0, 0], 0, ([0, 0, 0], [0, 0, 0, 0]), [0, 0, 0], [0, 0]]
['com.hassaneltantawy.qadaa_8', 1, [1, 1, 0, 0, 1, 0, 0, 0], 0, ([233, 36, 197], [481, 281, 6, 194]), [2, 0, 1], [0, 0]]
['com.tinkerlog.android.pongtime_2', 0, [0, 0, 0, 0, 0, 0, 0, 0], 0, ([0, 0, 0], [0, 0, 0, 0]), [0, 0, 0], [0, 0]]
['com.jmstudios.chibe_4', 0, [0, 0, 0, 0, 0, 0, 0, 0], 0, ([0, 0, 0], [0, 0, 0, 0]), [0, 0, 0], [0, 0]]
['info.metadude.android.congress.schedule_107', 1, [1, 1, 0, 1, 1, 0, 0, 0], 0, ([8, 0, 8], [24, 23, 0, 1]), [1, 0, 1], [0, 0]]
['com.github.aba2l.taswast_1', 0, [0, 0, 0, 0, 0, 0, 0, 0], 0, ([0, 0, 0], [0, 0, 0, 0]), [0, 0, 0], [0, 0]]
['com.lightplanx.xddk_2', 1, [1, 1, 0, 0, 1, 0, 0, 0], 0, ([34, 4, 30], [125, 112, 1, 12]), [2, 0, 1], [0, 0]]
['de.jepfa.bdt_10202', 1, [1, 1, 0, 0, 1, 0, 0, 0], 0, ([41, 4, 37], [151, 134, 1, 16]), [2, 0, 1], [0, 0]]
['v4lpt.vpt.f003.gdp_105', 0, [0, 0, 0, 0, 0, 0, 0, 0], 0, ([0, 0, 0], [0, 0, 0, 0]), [0, 0, 0], [0, 0]]
['com.justdeax.composeStopwatch_1008020', 1, [1, 1, 0, 1, 1, 0, 0, 0], 0, ([8, 0, 8], [24, 23, 0, 1]), [2, 1, 1], [0, 0]]
['com.mzhang.cleantimer_2', 0, [0, 0, 0, 0, 0, 0, 0, 0], 0, ([0, 0, 0], [0, 0, 0, 0]), [0, 0, 0], [0, 0]]
['de.hoffmannsgimmicks_13', 0, [0, 0, 0, 0, 0, 0, 0, 0], 0, ([0, 0, 0], [0, 0, 0, 0]), [0, 0, 0], [0, 0]]
['com.best.deskclock_2013', 0, [0, 0, 0, 0, 0, 0, 0, 0], 0, ([0, 0, 0], [0, 0, 0, 0]), [0, 0, 0], [0, 0]]
['pl.ascendit.onetimealarm_3', 0, [0, 0, 0, 0, 0, 0, 0, 0], 0, ([0, 0, 0], [0, 0, 0, 0]), [0, 0, 0], [0, 0]]
['com.dgmltn.morphclock.app_2', 0, [0, 0, 0, 0, 0, 0, 0, 0], 0, ([0, 0, 0], [0, 0, 0, 0]), [0, 0, 0], [0, 0]]
['com.akdev.nofbeventscraper_15', 0, [0, 0, 0, 0, 0, 0, 0, 0], 0, ([0, 0, 0], [0, 0, 0, 0]), [0, 0, 0], [0, 0]]
['com.rigid.birthdroid_64', 0, [0, 0, 0, 0, 0, 0, 0, 0], 0, ([0, 0, 0], [0, 0, 0, 0]), [0, 0, 0], [0, 0]]
['com.sesu8642.infusion_timer_112', 1, [1, 1, 0, 0, 1, 0, 0, 0], 0, ([277, 31, 246], [544, 309, 12, 223]), [2, 0, 1], [0, 0]]
['org.ciasaboark.tacere_11', 0, [0, 0, 0, 0, 0, 0, 0, 0], 0, ([0, 0, 0], [0, 0, 0, 0]), [0, 0, 0], [0, 0]]
['info.metadude.android.divoc.schedule_88', 0, [0, 0, 0, 0, 0, 0, 0, 0], 0, ([0, 0, 0], [0, 0, 0, 0]), [0, 0, 0], [0, 0]]
['de.k3b.android.calef_6', 0, [0, 0, 0, 0, 0, 0, 0, 0], 0, ([0, 0, 0], [0, 0, 0, 0]), [0, 0, 0], [0, 0]]
['ch.ihdg.calendarcolor_5', 0, [0, 0, 0, 0, 0, 0, 0, 0], 0, ([0, 0, 0], [0, 0, 0, 0]), [0, 0, 0], [0, 0]]
['v4lpt.vpt.c016.TPC_103', 0, [0, 0, 0, 0, 0, 0, 0, 0], 0, ([0, 0, 0], [0, 0, 0, 0]), [0, 0, 0], [0, 0]]
['br.com.colman.petals_3035002', 1, [1, 1, 0, 1, 1, 0, 0, 0], 0, ([69, 61, 8], [224, 220, 0, 4]), [3, 1, 2], [0, 0]]
['com.blanyal.remindly_2', 0, [0, 0, 0, 0, 0, 0, 0, 0], 0, ([0, 0, 0], [0, 0, 0, 0]), [0, 0, 0], [0, 0]]
['com.omegavesko.holocounter_1', 0, [0, 0, 0, 0, 0, 0, 0, 0], 0, ([0, 0, 0], [0, 0, 0, 0]), [0, 0, 0], [0, 0]]
['com.nickspatties.timeclock_1', 0, [0, 0, 0, 0, 0, 0, 0, 0], 0, ([0, 0, 0], [0, 0, 0, 0]), [0, 0, 0], [0, 0]]
['An.stop_10', 0, [0, 0, 0, 0, 0, 0, 0, 0], 0, ([0, 0, 0], [0, 0, 0, 0]), [0, 0, 0], [0, 0]]
['com.wbrenna.gtfsoffline_10', 0, [0, 0, 0, 0, 0, 0, 0, 0], 0, ([0, 0, 0], [0, 0, 0, 0]), [0, 0, 0], [0, 0]]
['m.co.rh.id.a_personal_stuff_14', 0, [0, 0, 0, 0, 0, 0, 0, 0], 0, ([0, 0, 0], [0, 0, 0, 0]), [0, 0, 0], [0, 0]]
['cat.mvmike.minimalcalendarwidget_86', 0, [0, 0, 0, 0, 0, 0, 0, 0], 0, ([0, 0, 0], [0, 0, 0, 0]), [0, 0, 0], [0, 0]]
['info.metadude.android.datenspuren.schedule_104', 1, [1, 1, 0, 1, 1, 0, 0, 0], 0, ([8, 0, 8], [24, 23, 0, 1]), [1, 0, 1], [0, 0]]
['org.gringene.colourclock_3', 0, [0, 0, 0, 0, 0, 0, 0, 0], 0, ([0, 0, 0], [0, 0, 0, 0]), [0, 0, 0], [0, 0]]
['be.digitalia.fosdem_2100229', 0, [0, 0, 0, 0, 0, 0, 0, 0], 0, ([0, 0, 0], [0, 0, 0, 0]), [0, 0, 0], [0, 0]]
['org.wentura.getflow_1', 0, [0, 0, 0, 0, 0, 0, 0, 0], 0, ([0, 0, 0], [0, 0, 0, 0]), [0, 0, 0], [0, 0]]
['net.turtton.ytalarm_109', 1, [0, 0, 0, 0, 1, 0, 0, 0], 0, ([0, 0, 0], [0, 0, 0, 0]), [2, 0, 0], [0, 0]]
['io.github.phora.aeondroid_4', 0, [0, 0, 0, 0, 0, 0, 0, 0], 0, ([0, 0, 0], [0, 0, 0, 0]), [0, 0, 0], [0, 0]]
['com.grocerymanager_1', 0, [0, 0, 0, 0, 0, 0, 0, 0], 0, ([0, 0, 0], [0, 0, 0, 0]), [0, 0, 0], [0, 0]]
['com.kazufukurou.nanji_42', 0, [0, 0, 0, 0, 0, 0, 0, 0], 0, ([0, 0, 0], [0, 0, 0, 0]), [0, 0, 0], [0, 0]]
['de.micmun.android.deufeitage_520', 0, [0, 0, 0, 0, 0, 0, 0, 0], 0, ([0, 0, 0], [0, 0, 0, 0]), [0, 0, 0], [0, 0]]
['com.tmendes.birthdaydroid_53', 0, [0, 0, 0, 0, 0, 0, 0, 0], 0, ([0, 0, 0], [0, 0, 0, 0]), [0, 0, 0], [0, 0]]
['felixwiemuth.simplereminder_914700', 0, [0, 0, 0, 0, 0, 0, 0, 0], 0, ([0, 0, 0], [0, 0, 0, 0]), [0, 0, 0], [0, 0]]
['me.gloeckl.fallasleep_1', 0, [0, 0, 0, 0, 0, 0, 0, 0], 0, ([65, 9, 56], [103, 45, 3, 55]), [0, 0, 0], [0, 0]]
['de.smasi.tickmate_50', 0, [0, 0, 0, 0, 0, 0, 0, 0], 0, ([0, 0, 0], [0, 0, 0, 0]), [0, 0, 0], [0, 0]]
['at.manuelbichler.octalsuntime_6', 0, [0, 0, 0, 0, 0, 0, 0, 0], 0, ([0, 0, 0], [0, 0, 0, 0]), [0, 0, 0], [0, 0]]
['org.secuso.privacyfriendlyboardgameclock_2', 0, [0, 0, 0, 0, 0, 0, 0, 0], 0, ([0, 0, 0], [0, 0, 0, 0]), [0, 0, 0], [0, 0]]
['com.github.rahul_gill.attendance_2', 1, [1, 1, 0, 1, 1, 0, 0, 0], 0, ([0, 0, 0], [0, 0, 0, 0]), [1, 1, 0], [0, 0]]
['me.timeto.app_570', 1, [1, 1, 0, 1, 1, 0, 0, 0], 0, ([8, 0, 8], [24, 23, 0, 1]), [1, 0, 1], [0, 0]]
['dev.randombits.intervaltimer_11', 0, [0, 0, 0, 0, 0, 0, 0, 0], 0, ([0, 0, 0], [0, 0, 0, 0]), [0, 0, 0], [0, 0]]
['com.tomatodev.timerdroid_1412312', 0, [0, 0, 0, 0, 0, 0, 0, 0], 0, ([0, 0, 0], [0, 0, 0, 0]), [0, 0, 0], [0, 0]]
['com.github.wakhub.tinyclock_5', 0, [0, 0, 0, 0, 0, 0, 0, 0], 0, ([0, 0, 0], [0, 0, 0, 0]), [0, 0, 0], [0, 0]]
['com.forrestguice.suntimescalendars_19', 0, [0, 0, 0, 0, 0, 0, 0, 0], 0, ([0, 0, 0], [0, 0, 0, 0]), [0, 0, 0], [0, 0]]
['ca.rmen.android.frenchcalendar_1182', 0, [0, 0, 0, 0, 0, 0, 0, 0], 0, ([0, 0, 0], [0, 0, 0, 0]), [0, 0, 0], [0, 0]]
['com.katiearose.sobriety_22', 0, [0, 0, 0, 0, 0, 0, 0, 0], 0, ([90, 20, 70], [163, 64, 5, 94]), [0, 0, 0], [0, 0]]
['de.drmaxnix.birthdaycountdown_3', 0, [0, 0, 0, 0, 0, 0, 0, 0], 0, ([0, 0, 0], [0, 0, 0, 0]), [0, 0, 0], [0, 0]]
['dev.linwood.flow.nightly_8', 1, [1, 1, 0, 1, 1, 0, 0, 0], 0, ([41, 4, 37], [151, 134, 1, 16]), [3, 0, 1], [0, 0]]
['com.github.ashutoshgngwr.tenbitclockwidget_221', 0, [0, 0, 0, 0, 0, 0, 0, 0], 0, ([0, 0, 0], [0, 0, 0, 0]), [0, 0, 0], [0, 0]]
['com.razeeman.util.simpletimetracker_85', 0, [0, 0, 0, 0, 0, 0, 0, 0], 0, ([0, 0, 0], [0, 0, 0, 0]), [0, 0, 0], [0, 0]]
['com.app.Zensuren_121', 0, [0, 0, 0, 0, 0, 0, 0, 0], 0, ([0, 0, 0], [0, 0, 0, 0]), [0, 0, 0], [0, 0]]
['net.dahanne.banq.notifications_6', 0, [0, 0, 0, 0, 0, 0, 0, 0], 0, ([0, 0, 0], [0, 0, 0, 0]), [0, 0, 0], [0, 0]]
['net.leodesouza.blitz_202', 0, [0, 0, 0, 0, 0, 0, 0, 0], 0, ([0, 0, 0], [0, 0, 0, 0]), [0, 0, 0], [0, 0]]
['net.activitywatch.android_34', 1, [1, 1, 0, 1, 1, 0, 0, 0], 0, ([8, 0, 8], [16, 16, 0, 0]), [1, 1, 0], [0, 0]]
['com.mattmaniak.queueToDo_6', 1, [1, 1, 0, 0, 1, 0, 0, 0], 0, ([31, 4, 27], [113, 101, 1, 11]), [2, 0, 1], [0, 0]]
['me.bgregos.brighttask_20', 0, [0, 0, 0, 0, 0, 0, 0, 0], 0, ([0, 0, 0], [0, 0, 0, 0]), [0, 0, 0], [0, 0]]
['si.jakobkreft.ontime_1', 0, [0, 0, 0, 0, 0, 0, 0, 0], 0, ([0, 0, 0], [0, 0, 0, 0]), [0, 0, 0], [0, 0]]
['net.sf.times_37', 0, [0, 0, 0, 0, 0, 0, 0, 0], 0, ([0, 0, 0], [0, 0, 0, 0]), [0, 0, 0], [0, 0]]
['ws.xsoh.etar_48', 0, [0, 0, 0, 0, 0, 0, 0, 0], 0, ([0, 0, 0], [0, 0, 0, 0]), [0, 0, 0], [0, 0]]
['kvj.taskw_3', 0, [0, 0, 0, 0, 0, 0, 0, 0], 0, ([0, 0, 0], [0, 0, 0, 0]), [0, 0, 0], [0, 0]]
['net.xisberto.timerpx_10', 1, [1, 1, 0, 1, 1, 0, 0, 0], 0, ([8, 0, 8], [24, 23, 0, 1]), [1, 0, 1], [0, 0]]
['com.futurice.android.reservator_21', 0, [0, 0, 0, 0, 0, 0, 0, 0], 0, ([0, 0, 0], [0, 0, 0, 0]), [0, 0, 0], [0, 0]]
['com.example.android.monthcalendarwidget_1', 0, [0, 0, 0, 0, 0, 0, 0, 0], 0, ([0, 0, 0], [0, 0, 0, 0]), [0, 0, 0], [0, 0]]
['net.diffengine.romandigitalclock_6', 0, [0, 0, 0, 0, 0, 0, 0, 0], 0, ([0, 0, 0], [0, 0, 0, 0]), [0, 0, 0], [0, 0]]
['io.github.deweyreed.timer.other_7050000', 0, [0, 0, 0, 0, 0, 0, 0, 0], 0, ([0, 0, 0], [0, 0, 0, 0]), [0, 0, 0], [0, 0]]
['de.piratentools.spickerrr_4', 1, [1, 1, 0, 1, 1, 1, 0, 0], 0, ([297, 115, 182], [1043, 1025, 0, 18]), [1, 1, 1], [0, 0]]
['com.mdiqentw.lifedots_155', 0, [0, 0, 0, 0, 0, 0, 0, 0], 0, ([0, 0, 0], [0, 0, 0, 0]), [0, 0, 0], [0, 0]]
['com.omelan.cofi_176', 1, [1, 1, 0, 1, 1, 0, 0, 0], 0, ([8, 0, 8], [24, 23, 0, 1]), [2, 1, 1], [0, 0]]
['com.rhiannonweb.android.migrainetracker_2', 0, [0, 0, 0, 0, 0, 0, 0, 0], 0, ([0, 0, 0], [0, 0, 0, 0]), [0, 0, 0], [0, 0]]
['com.alfray.timeriffic_10905', 0, [0, 0, 0, 0, 0, 0, 0, 0], 0, ([0, 0, 0], [0, 0, 0, 0]), [0, 0, 0], [0, 0]]
['me.anuraag.grader_3', 0, [0, 0, 0, 0, 0, 0, 0, 0], 0, ([0, 0, 0], [0, 0, 0, 0]), [0, 0, 0], [0, 0]]
['org.sufficientlysecure.ical_64', 0, [0, 0, 0, 0, 0, 0, 0, 0], 0, ([0, 0, 0], [0, 0, 0, 0]), [0, 0, 0], [0, 0]]
['com.androidfromfrankfurt.workingtimealert_4', 1, [0, 1, 0, 0, 0, 0, 0, 0], 0, ([25, 6, 19], [95, 84, 1, 10]), [1, 0, 1], [0, 0]]
['com.vedroid.events_1', 0, [0, 0, 0, 0, 0, 0, 0, 0], 0, ([0, 0, 0], [0, 0, 0, 0]), [0, 0, 0], [0, 0]]
['de.nulide.shiftcal_17', 0, [0, 0, 0, 0, 0, 0, 0, 0], 0, ([0, 0, 0], [0, 0, 0, 0]), [0, 0, 0], [0, 0]]
['com.leestarb.fourthtools_341', 0, [0, 0, 0, 0, 0, 0, 0, 0], 0, ([0, 0, 0], [0, 0, 0, 0]), [0, 0, 0], [0, 0]]
['com.samarthdesai.repeatme_6', 1, [0, 1, 0, 0, 0, 0, 0, 0], 0, ([26, 6, 20], [97, 86, 1, 10]), [1, 0, 1], [0, 0]]
['com.github.premnirmal.tickerwidget_300900835', 0, [0, 0, 0, 0, 0, 0, 0, 0], 0, ([0, 0, 0], [0, 0, 0, 0]), [0, 0, 0], [0, 0]]
