apk_name, have_lib, [arm64-v8a, armeabi-v7a, armeabi, x86, x86_64, mips, mips64, other], native-activity, ([jni_method_total_num, static_num, nostatic_num], [total_all_type, total_basic_type, total_icc_type, total_complex_type, total_complex_type]), [so_total_num, so_Java_num, so_onLoad_num], [have_other_elf, have_pwd_zip]
['org.nerdcircus.android.klaxon_27', 0, [0, 0, 0, 0, 0, 0, 0, 0], 0, ([0, 0, 0], [0, 0, 0, 0]), [0, 0, 0], [0, 0]]
['net.kourlas.voipms_sms_152', 1, [1, 1, 0, 1, 1, 0, 0, 0], 0, ([8, 0, 8], [24, 23, 0, 1]), [1, 0, 1], [0, 0]]
['chat.fluffy.fluffychat_3536', 1, [1, 1, 0, 1, 1, 0, 0, 0], 0, ([292, 201, 91], [914, 739, 9, 166]), [9, 1, 3], [0, 0]]
['com.mileskrell.texttorch_5', 1, [1, 1, 0, 1, 1, 0, 0, 0], 0, ([3, 3, 0], [10, 9, 0, 1]), [2, 1, 0], [0, 0]]
['com.infomaniak.meet_22', 1, [1, 1, 0, 1, 1, 0, 0, 0], 0, ([434, 275, 159], [1171, 919, 8, 244]), [57, 2, 17], [0, 0]]
['com.github.webierta.call_counter_5', 1, [1, 1, 0, 0, 1, 0, 0, 0], 0, ([35, 4, 31], [129, 115, 1, 13]), [2, 0, 1], [0, 0]]
['chat.simplex.app_269', 1, [1, 0, 0, 0, 0, 0, 0, 0], 0, ([31, 23, 8], [151, 123, 0, 28]), [5, 2, 1], [0, 0]]
['de.simplestatswidget_121', 0, [0, 0, 0, 0, 0, 0, 0, 0], 0, ([0, 0, 0], [0, 0, 0, 0]), [0, 0, 0], [0, 0]]
['dummydomain.yetanothercallblocker_5170', 1, [1, 1, 0, 1, 1, 0, 0, 0], 0, ([288, 288, 0], [940, 715, 0, 225]), [1, 0, 1], [0, 0]]
['org.osmocom.tacdatabaseclient_1', 0, [0, 0, 0, 0, 0, 0, 0, 0], 0, ([0, 0, 0], [0, 0, 0, 0]), [0, 0, 0], [0, 0]]
['me.lucky.vibe_17', 0, [0, 0, 0, 0, 0, 0, 0, 0], 0, ([0, 0, 0], [0, 0, 0, 0]), [0, 0, 0], [0, 0]]
['de.schlikk.calls_100000', 0, [0, 0, 0, 0, 0, 0, 0, 0], 0, ([0, 0, 0], [0, 0, 0, 0]), [0, 0, 0], [0, 0]]
['me.yardenac.comaphone_27', 0, [0, 0, 0, 0, 0, 0, 0, 0], 0, ([0, 0, 0], [0, 0, 0, 0]), [0, 0, 0], [0, 0]]
['es.cesar.quitesleep_13', 0, [0, 0, 0, 0, 0, 0, 0, 0], 0, ([0, 0, 0], [0, 0, 0, 0]), [0, 0, 0], [0, 0]]
['de.wivewa.android_6', 0, [0, 0, 0, 0, 0, 0, 0, 0], 0, ([0, 0, 0], [0, 0, 0, 0]), [0, 0, 0], [0, 0]]
['org.chorem.android.saymytexts_7', 0, [0, 0, 0, 0, 0, 0, 0, 0], 0, ([0, 0, 0], [0, 0, 0, 0]), [0, 0, 0], [0, 0]]
['de.spiritcroc.riotx_40101344', 1, [0, 0, 0, 0, 1, 0, 0, 0], 0, ([1646, 796, 850], [4399, 3703, 8, 688]), [72, 7, 24], [0, 0]]
['org.booncode.bluepass4_5', 0, [0, 0, 0, 0, 0, 0, 0, 0], 0, ([0, 0, 0], [0, 0, 0, 0]), [0, 0, 0], [0, 0]]
['tranquvis.simplesmsremote_140', 0, [0, 0, 0, 0, 0, 0, 0, 0], 0, ([0, 0, 0], [0, 0, 0, 0]), [0, 0, 0], [0, 0]]
['dev.octoshrimpy.quik_2224', 1, [1, 1, 0, 1, 1, 0, 0, 0], 0, ([427, 337, 90], [1313, 1293, 0, 20]), [1, 1, 1], [0, 0]]
['spam.blocker_403', 1, [1, 1, 0, 1, 1, 0, 0, 0], 0, ([8, 0, 8], [24, 23, 0, 1]), [1, 0, 1], [0, 0]]
['at.bitfire.nophonespam_15', 0, [0, 0, 0, 0, 0, 0, 0, 0], 0, ([0, 0, 0], [0, 0, 0, 0]), [0, 0, 0], [0, 0]]
['com.cheogram.android_4205704', 1, [1, 0, 0, 0, 0, 0, 0, 0], 0, ([482, 422, 60], [1522, 1153, 8, 361]), [2, 1, 2], [0, 0]]
['ir.remote.edifier.rc10e_1', 0, [0, 0, 0, 0, 0, 0, 0, 0], 0, ([0, 0, 0], [0, 0, 0, 0]), [0, 0, 0], [0, 0]]
['foehnix.widget_40', 0, [0, 0, 0, 0, 0, 0, 0, 0], 0, ([0, 0, 0], [0, 0, 0, 0]), [0, 0, 0], [0, 0]]
['com.logger.app_37', 1, [1, 1, 0, 0, 1, 0, 0, 0], 0, ([42, 4, 38], [152, 135, 1, 16]), [2, 0, 1], [0, 0]]
['com.android.shellms_6', 0, [0, 0, 0, 0, 0, 0, 0, 0], 0, ([0, 0, 0], [0, 0, 0, 0]), [0, 0, 0], [0, 0]]
['com.iatfei.streakalarm_27', 0, [0, 0, 0, 0, 0, 0, 0, 0], 0, ([0, 0, 0], [0, 0, 0, 0]), [0, 0, 0], [0, 0]]
['com.pierreduchemin.smsforward_19', 0, [0, 0, 0, 0, 0, 0, 0, 0], 0, ([0, 0, 0], [0, 0, 0, 0]), [0, 0, 0], [0, 0]]
['com.afkanerd.deku_64', 1, [1, 1, 0, 1, 1, 0, 0, 0], 0, ([317, 305, 12], [1038, 805, 0, 233]), [3, 1, 2], [0, 0]]
['com.stoutner.privacycell_12', 0, [0, 0, 0, 0, 0, 0, 0, 0], 0, ([0, 0, 0], [0, 0, 0, 0]), [0, 0, 0], [0, 0]]
['com.hectorone.multismssender_18', 0, [0, 0, 0, 0, 0, 0, 0, 0], 0, ([0, 0, 0], [0, 0, 0, 0]), [0, 0, 0], [0, 0]]
['d.d.meshenger_443', 1, [1, 1, 0, 1, 1, 0, 0, 0], 0, ([518, 464, 54], [1595, 1454, 8, 133]), [2, 2, 1], [0, 0]]
['net.yxejamir.misbotheringsms_1000000', 0, [0, 0, 0, 0, 0, 0, 0, 0], 0, ([0, 0, 0], [0, 0, 0, 0]), [0, 0, 0], [0, 0]]
['eu.droogers.smsmatrix_16', 1, [1, 1, 0, 1, 1, 1, 0, 0], 0, ([455, 222, 233], [1448, 1419, 0, 29]), [2, 2, 1], [0, 0]]
['us.achromaticmetaphor.imcktg_12', 0, [0, 0, 0, 0, 0, 0, 0, 0], 0, ([0, 0, 0], [0, 0, 0, 0]), [0, 0, 0], [0, 0]]
['ro.ui.pttdroid_5', 1, [0, 0, 1, 0, 0, 0, 0, 0], 0, ([4, 4, 0], [10, 10, 0, 0]), [1, 1, 0], [0, 0]]
['com.github.yeriomin.smsscheduler_5', 0, [0, 0, 0, 0, 0, 0, 0, 0], 0, ([0, 0, 0], [0, 0, 0, 0]), [0, 0, 0], [0, 0]]
['re.indigo.epistolaire_8', 0, [0, 0, 0, 0, 0, 0, 0, 0], 0, ([0, 0, 0], [0, 0, 0, 0]), [0, 0, 0], [0, 0]]
['me.lucky.silence_50', 0, [0, 0, 0, 0, 0, 0, 0, 0], 0, ([0, 0, 0], [0, 0, 0, 0]), [0, 0, 0], [0, 0]]
['ru.seva.finder_15', 0, [0, 0, 0, 0, 0, 0, 0, 0], 0, ([0, 0, 0], [0, 0, 0, 0]), [0, 0, 0], [0, 0]]
['net.stargw.contactsimport_37', 0, [0, 0, 0, 0, 0, 0, 0, 0], 0, ([0, 0, 0], [0, 0, 0, 0]), [0, 0, 0], [0, 0]]
['com.teamdc.stephendiniz.autoaway_24', 0, [0, 0, 0, 0, 0, 0, 0, 0], 0, ([0, 0, 0], [0, 0, 0, 0]), [0, 0, 0], [0, 0]]
['io.keepalive.android_130', 0, [0, 0, 0, 0, 0, 0, 0, 0], 0, ([0, 0, 0], [0, 0, 0, 0]), [0, 0, 0], [0, 0]]
['opencontacts.open.com.opencontacts_31', 0, [0, 0, 0, 0, 0, 0, 0, 0], 0, ([0, 0, 0], [0, 0, 0, 0]), [0, 0, 0], [0, 0]]
['com.soyblue.bluesound_10', 0, [0, 0, 0, 0, 0, 0, 0, 0], 0, ([0, 0, 0], [0, 0, 0, 0]), [0, 0, 0], [0, 0]]
['org.vinaygopinath.launchchat_4', 0, [0, 0, 0, 0, 0, 0, 0, 0], 0, ([0, 0, 0], [0, 0, 0, 0]), [0, 0, 0], [0, 0]]
['com.github.yeriomin.dumbphoneassistant_5', 0, [0, 0, 0, 0, 0, 0, 0, 0], 0, ([0, 0, 0], [0, 0, 0, 0]), [0, 0, 0], [0, 0]]
['com.github.tmo1.sms_ie_107', 0, [0, 0, 0, 0, 0, 0, 0, 0], 0, ([0, 0, 0], [0, 0, 0, 0]), [0, 0, 0], [0, 0]]
['com.brapeba.roaminginfo_44', 0, [0, 0, 0, 0, 0, 0, 0, 0], 0, ([0, 0, 0], [0, 0, 0, 0]), [0, 0, 0], [0, 0]]
['chat.jmp.simmanager_294', 1, [1, 1, 0, 1, 1, 0, 0, 0], 0, ([47, 0, 47], [110, 107, 0, 3]), [1, 1, 1], [0, 0]]
['ru.henridellal.dialer_20', 0, [0, 0, 0, 0, 0, 0, 0, 0], 0, ([0, 0, 0], [0, 0, 0, 0]), [0, 0, 0], [0, 0]]
['com.tutpro.baresip.plus_191', 1, [1, 1, 0, 0, 0, 0, 0, 0], 0, ([106, 0, 106], [260, 259, 0, 1]), [9, 1, 1], [0, 0]]
['ir.remote.edifier.rc10d1_1', 0, [0, 0, 0, 0, 0, 0, 0, 0], 0, ([0, 0, 0], [0, 0, 0, 0]), [0, 0, 0], [0, 0]]
['com.serwylo.babyphone_18', 0, [0, 0, 0, 0, 0, 0, 0, 0], 0, ([0, 0, 0], [0, 0, 0, 0]), [0, 0, 0], [0, 0]]
['org.linphone_520053', 1, [1, 0, 0, 0, 0, 0, 0, 0], 0, ([2351, 5, 2346], [6107, 5397, 0, 710]), [13, 2, 1], [0, 0]]
['org.simlar_212003', 1, [1, 0, 0, 0, 0, 0, 0, 0], 0, ([2355, 5, 2350], [6118, 5408, 0, 710]), [14, 2, 1], [0, 0]]
['org.fossify.messages_7', 1, [1, 1, 0, 1, 1, 0, 0, 0], 0, ([8, 0, 8], [24, 23, 0, 1]), [1, 0, 1], [0, 0]]
['cx.vmx.sdcontacts_10000', 0, [0, 0, 0, 0, 0, 0, 0, 0], 0, ([0, 0, 0], [0, 0, 0, 0]), [0, 0, 0], [0, 0]]
['com.wire_100058708', 1, [1, 1, 0, 0, 1, 0, 0, 0], 0, ([191, 133, 58], [725, 614, 6, 105]), [11, 4, 5], [0, 0]]
['im.vector.app_40106284', 1, [0, 0, 0, 0, 1, 0, 0, 0], 0, ([1646, 796, 850], [4399, 3703, 8, 688]), [72, 7, 24], [0, 0]]
['com.parishod.watomatic_29', 0, [0, 0, 0, 0, 0, 0, 0, 0], 0, ([0, 0, 0], [0, 0, 0, 0]), [0, 0, 0], [0, 0]]
['ir.remote.edifier.rc18a_1', 0, [0, 0, 0, 0, 0, 0, 0, 0], 0, ([0, 0, 0], [0, 0, 0, 0]), [0, 0, 0], [0, 0]]
['org.fossify.contacts_3', 1, [1, 1, 0, 1, 1, 0, 0, 0], 0, ([8, 0, 8], [24, 23, 0, 1]), [1, 0, 1], [0, 0]]
['network.loki.messenger.fdroid_3905', 1, [1, 1, 1, 1, 1, 1, 1, 0], 0, ([912, 568, 344], [3201, 2625, 8, 568]), [9, 5, 5], [0, 0]]
['org.servalproject_2371', 1, [1, 1, 1, 1, 1, 1, 1, 0], 0, ([15, 3, 12], [48, 46, 0, 2]), [3, 3, 0], [8, 0]]
['dev.n4n5.sms2call_10', 0, [0, 0, 0, 0, 0, 0, 0, 0], 0, ([0, 0, 0], [0, 0, 0, 0]), [0, 0, 0], [0, 0]]
['cx.ring_441', 1, [1, 1, 0, 0, 1, 0, 0, 0], 0, ([662, 662, 0], [2627, 2150, 0, 477]), [2, 1, 1], [0, 0]]
['com.tutpro.baresip_415', 1, [1, 1, 0, 0, 0, 0, 0, 0], 0, ([90, 0, 90], [225, 225, 0, 0]), [2, 1, 1], [0, 0]]
['us.spotco.carrion_123', 0, [0, 0, 0, 0, 0, 0, 0, 0], 0, ([0, 0, 0], [0, 0, 0, 0]), [0, 0, 0], [0, 0]]
['com.chooloo.www.koler_82', 0, [0, 0, 0, 0, 0, 0, 0, 0], 0, ([0, 0, 0], [0, 0, 0, 0]), [0, 0, 0], [0, 0]]
['de.nulide.findmydevice_33', 1, [1, 1, 0, 1, 1, 0, 0, 0], 0, ([6, 6, 0], [78, 54, 0, 24]), [1, 1, 0], [0, 0]]
['org.smssecure.smssecure_211', 1, [1, 1, 1, 1, 1, 1, 0, 0], 0, ([8, 0, 8], [25, 25, 0, 0]), [1, 1, 0], [0, 0]]
['de.wivewa.dialer_11', 1, [1, 1, 0, 1, 1, 0, 0, 0], 0, ([8, 0, 8], [24, 23, 0, 1]), [1, 0, 1], [0, 0]]
['org.fossify.phone_6', 1, [1, 1, 0, 1, 1, 0, 0, 0], 0, ([8, 0, 8], [24, 23, 0, 1]), [1, 0, 1], [0, 0]]
['bughunter2.smsfilter_4', 0, [0, 0, 0, 0, 0, 0, 0, 0], 0, ([0, 0, 0], [0, 0, 0, 0]), [0, 0, 0], [0, 0]]
['com.everysoft.autoanswer_6', 0, [0, 0, 0, 0, 0, 0, 0, 0], 0, ([0, 0, 0], [0, 0, 0, 0]), [0, 0, 0], [0, 0]]
['org.jitsi.meet_24050004', 1, [0, 0, 0, 0, 1, 0, 0, 0], 0, ([442, 281, 161], [1201, 944, 8, 249]), [62, 3, 19], [0, 0]]
['io.github.subhamtyagi.openinwhatsapp_8', 0, [0, 0, 0, 0, 0, 0, 0, 0], 0, ([0, 0, 0], [0, 0, 0, 0]), [0, 0, 0], [0, 0]]
['com.jellyshack.block6_7', 0, [0, 0, 0, 0, 0, 0, 0, 0], 0, ([0, 0, 0], [0, 0, 0, 0]), [0, 0, 0], [0, 0]]
['com.wordpress.sarfraznawaz.callerdetails_1', 0, [0, 0, 0, 0, 0, 0, 0, 0], 0, ([0, 0, 0], [0, 0, 0, 0]), [0, 0, 0], [0, 0]]
['tech.bogomolov.incomingsmsgateway_12', 0, [0, 0, 0, 0, 0, 0, 0, 0], 0, ([0, 0, 0], [0, 0, 0, 0]), [0, 0, 0], [0, 0]]
['me.tagavari.airmessage_139', 1, [1, 1, 0, 1, 1, 0, 0, 0], 0, ([12, 12, 0], [75, 55, 0, 20]), [1, 1, 0], [0, 0]]
['co.ec.cnsyn.codecatcher_131', 1, [1, 1, 0, 1, 1, 0, 0, 0], 0, ([8, 0, 8], [24, 23, 0, 1]), [1, 0, 1], [0, 0]]
['community.fairphone.mycontacts_3', 0, [0, 0, 0, 0, 0, 0, 0, 0], 0, ([0, 0, 0], [0, 0, 0, 0]), [0, 0, 0], [0, 0]]
['fr.unix_experience.owncloud_sms_69', 1, [1, 1, 0, 1, 1, 0, 0, 0], 0, ([64, 16, 48], [97, 80, 0, 17]), [1, 1, 0], [0, 0]]
['com.ml.proximitysensorfix_32', 0, [0, 0, 0, 0, 0, 0, 0, 0], 0, ([0, 0, 0], [0, 0, 0, 0]), [0, 0, 0], [0, 0]]
['me.hackerchick.raisetoanswer_33', 0, [0, 0, 0, 0, 0, 0, 0, 0], 0, ([0, 0, 0], [0, 0, 0, 0]), [0, 0, 0], [0, 0]]
['fr.jnda.android.flashalert_18373967', 0, [0, 0, 0, 0, 0, 0, 0, 0], 0, ([0, 0, 0], [0, 0, 0, 0]), [0, 0, 0], [0, 0]]
['de.ritscher.simplemobiletools.contacts.pro_108', 0, [0, 0, 0, 0, 0, 0, 0, 0], 0, ([112, 21, 91], [205, 77, 4, 124]), [0, 0, 0], [0, 0]]
['ca.mudar.fairphone.peaceofmind_22', 0, [0, 0, 0, 0, 0, 0, 0, 0], 0, ([0, 0, 0], [0, 0, 0, 0]), [0, 0, 0], [0, 0]]
['org.lumicall.android_192', 1, [0, 1, 1, 1, 0, 0, 0, 0], 0, ([83, 42, 41], [314, 249, 0, 65]), [8, 8, 0], [0, 0]]
['uk.co.danieljarvis.android.flashback_16', 0, [0, 0, 0, 0, 0, 0, 0, 0], 0, ([0, 0, 0], [0, 0, 0, 0]), [0, 0, 0], [0, 0]]
['org.sipdroid.sipua_146', 1, [1, 0, 0, 1, 1, 0, 0, 0], 0, ([75, 42, 33], [291, 226, 0, 65]), [3, 3, 0], [0, 0]]
['com.saiga.find.messagefinder_16', 0, [0, 0, 0, 0, 0, 0, 0, 0], 0, ([0, 0, 0], [0, 0, 0, 0]), [0, 0, 0], [0, 0]]
['com.zachrattner.pockettalk_7', 0, [0, 0, 0, 0, 0, 0, 0, 0], 0, ([0, 0, 0], [0, 0, 0, 0]), [0, 0, 0], [0, 0]]
