apk_name, have_lib, [arm64-v8a, armeabi-v7a, armeabi, x86, x86_64, mips, mips64, other], native-activity, ([jni_method_total_num, static_num, nostatic_num], [total_all_type, total_basic_type, total_icc_type, total_complex_type, total_complex_type]), [so_total_num, so_Java_num, so_onLoad_num], [have_other_elf, have_pwd_zip]
['us.achromaticmetaphor.agram_21', 1, [1, 1, 1, 1, 1, 1, 1, 0], 0, ([15, 5, 10], [32, 25, 0, 7]), [1, 1, 0], [0, 0]]
['top.fumiama.copymanga_62', 1, [1, 1, 1, 1, 1, 1, 1, 0], 0, ([69, 69, 0], [316, 251, 0, 65]), [1, 1, 1], [0, 0]]
['com.illusionman1212.lyricsgrabbr_84', 1, [1, 0, 0, 0, 0, 0, 0, 0], 0, ([8, 0, 8], [24, 23, 0, 1]), [2, 1, 1], [0, 0]]
['com.desarrollodroide.pagekeeper_49', 1, [1, 1, 0, 1, 1, 0, 0, 0], 0, ([8, 0, 8], [24, 23, 0, 1]), [1, 0, 1], [0, 0]]
['de.monde_diplomatique.android.app.free_20200900', 1, [1, 1, 0, 1, 1, 0, 0, 0], 0, ([863, 317, 546], [2085, 1549, 0, 536]), [3, 2, 2], [0, 0]]
['com.nima.openbooksdownloader_1', 0, [0, 0, 0, 0, 0, 0, 0, 0], 0, ([0, 0, 0], [0, 0, 0, 0]), [0, 0, 0], [0, 0]]
['net.casimirlab.frigoligo_38', 1, [1, 1, 0, 1, 1, 0, 0, 0], 0, ([42, 4, 38], [152, 135, 1, 16]), [3, 0, 1], [0, 0]]
['me.murks.feedwatcher_27', 0, [0, 0, 0, 0, 0, 0, 0, 0], 0, ([0, 0, 0], [0, 0, 0, 0]), [0, 0, 0], [0, 0]]
['org.opengemara.shiurim_4', 0, [0, 0, 0, 0, 0, 0, 0, 0], 0, ([0, 0, 0], [0, 0, 0, 0]), [0, 0, 0], [0, 0]]
['com.michaeltroger.gruenerpass_59', 1, [1, 1, 0, 1, 1, 0, 0, 0], 0, ([5, 0, 5], [40, 30, 0, 10]), [2, 2, 0], [0, 0]]
['ru.yanus171.feedexfork_325', 0, [0, 0, 0, 0, 0, 0, 0, 0], 0, ([0, 0, 0], [0, 0, 0, 0]), [0, 0, 0], [0, 0]]
['de.gabbo.forro_lyrics_18', 0, [0, 0, 0, 0, 0, 0, 0, 0], 0, ([0, 0, 0], [0, 0, 0, 0]), [0, 0, 0], [0, 0]]
['com.mshdabiola.playnotepad.foss_137', 1, [1, 1, 0, 1, 1, 0, 0, 0], 0, ([12, 4, 8], [30, 29, 0, 1]), [2, 1, 1], [0, 0]]
['com.starry.myne_440', 1, [1, 1, 0, 1, 1, 0, 0, 0], 0, ([8, 0, 8], [24, 23, 0, 1]), [2, 1, 1], [0, 0]]
['com.sanzoghenzo.markdownr_12', 1, [1, 1, 0, 0, 1, 0, 0, 0], 0, ([39, 4, 35], [145, 129, 1, 15]), [2, 0, 1], [0, 0]]
['com.hassaneltantawy.hisnelmoslem_26', 1, [1, 1, 0, 0, 1, 0, 0, 0], 0, ([236, 39, 197], [491, 288, 6, 197]), [2, 0, 1], [0, 0]]
['org.bibledit.android_162', 1, [1, 1, 0, 1, 1, 0, 0, 0], 0, ([16, 0, 16], [20, 20, 0, 0]), [1, 1, 0], [0, 0]]
['timur.prose_10100', 0, [0, 0, 0, 0, 0, 0, 0, 0], 0, ([0, 0, 0], [0, 0, 0, 0]), [0, 0, 0], [0, 0]]
['com.fullscreen_2', 0, [0, 0, 0, 0, 0, 0, 0, 0], 0, ([0, 0, 0], [0, 0, 0, 0]), [0, 0, 0], [0, 0]]
['v4lpt.vpt.f023.MYC_1002', 0, [0, 0, 0, 0, 0, 0, 0, 0], 0, ([0, 0, 0], [0, 0, 0, 0]), [0, 0, 0], [0, 0]]
['com.correctsyntax.biblenotify_20', 1, [1, 1, 0, 1, 1, 0, 0, 0], 0, ([43, 43, 0], [106, 98, 0, 8]), [1, 1, 1], [0, 0]]
['github.rikodot.kardi_notes_27', 1, [1, 1, 0, 0, 1, 0, 0, 0], 0, ([41, 4, 37], [151, 134, 1, 16]), [2, 0, 1], [0, 0]]
['com.newsblur_232', 0, [0, 0, 0, 0, 0, 0, 0, 0], 0, ([0, 0, 0], [0, 0, 0, 0]), [0, 0, 0], [0, 0]]
['com.cgogolin.library_63', 0, [0, 0, 0, 0, 0, 0, 0, 0], 0, ([0, 0, 0], [0, 0, 0, 0]), [0, 0, 0], [0, 0]]
['livio.rssreader_109', 0, [0, 0, 0, 0, 0, 0, 0, 0], 0, ([0, 0, 0], [0, 0, 0, 0]), [0, 0, 0], [0, 0]]
['subins2000.manglish_7', 0, [0, 0, 0, 0, 0, 0, 0, 0], 0, ([0, 0, 0], [0, 0, 0, 0]), [0, 0, 0], [0, 0]]
['com.manuelmaly.hn_26', 0, [0, 0, 0, 0, 0, 0, 0, 0], 0, ([0, 0, 0], [0, 0, 0, 0]), [0, 0, 0], [0, 0]]
['com.esperantajvortaroj.app_26', 0, [0, 0, 0, 0, 0, 0, 0, 0], 0, ([0, 0, 0], [0, 0, 0, 0]), [0, 0, 0], [0, 0]]
['net.bible.android.activity_840', 1, [1, 1, 0, 1, 1, 0, 0, 0], 0, ([61, 61, 0], [200, 197, 0, 3]), [1, 0, 1], [0, 0]]
['bou.amine.apps.readerforselfossv2.android_125010291', 0, [0, 0, 0, 0, 0, 0, 0, 0], 0, ([0, 0, 0], [0, 0, 0, 0]), [0, 0, 0], [0, 0]]
['monakhv.android.samlib_23', 0, [0, 0, 0, 0, 0, 0, 0, 0], 0, ([0, 0, 0], [0, 0, 0, 0]), [0, 0, 0], [0, 0]]
['co.appreactor.news_24', 1, [1, 1, 0, 1, 1, 0, 0, 0], 0, ([61, 61, 0], [200, 197, 0, 3]), [1, 0, 1], [0, 0]]
['com.github.jameshnsears.quoteunquote_1842435', 1, [1, 1, 0, 1, 1, 0, 0, 0], 0, ([296, 288, 8], [964, 738, 0, 226]), [2, 0, 2], [0, 0]]
['org.happypeng.sumatora.android.sumatoradictionary_31', 1, [1, 1, 0, 1, 1, 0, 0, 0], 0, ([61, 61, 0], [200, 197, 0, 3]), [1, 0, 1], [0, 0]]
['com.lijukay.quotesAltDesign_13', 1, [1, 1, 0, 1, 1, 0, 0, 0], 0, ([12, 0, 12], [32, 31, 0, 1]), [2, 1, 1], [0, 0]]
['com.benarmstead.simplecooking_9', 0, [0, 0, 0, 0, 0, 0, 0, 0], 0, ([0, 0, 0], [0, 0, 0, 0]), [0, 0, 0], [0, 0]]
['com.gmail.blandilyte.silverdict_134', 1, [0, 0, 0, 0, 1, 0, 0, 0], 0, ([278, 150, 128], [685, 552, 0, 133]), [44, 1, 22], [0, 0]]
['com.inspiredandroid.linuxcommandbibliotheca_93', 1, [1, 1, 0, 1, 1, 0, 0, 0], 0, ([8, 0, 8], [24, 23, 0, 1]), [1, 0, 1], [0, 0]]
['io.jozo.prayerbook_9', 0, [0, 0, 0, 0, 0, 0, 0, 0], 0, ([0, 0, 0], [0, 0, 0, 0]), [0, 0, 0], [0, 0]]
['com.funkymuse.aurora_4', 0, [0, 0, 0, 0, 0, 0, 0, 0], 0, ([0, 0, 0], [0, 0, 0, 0]), [0, 0, 0], [0, 0]]
['com.livefast.eattrash.raccoonforlemmy.android_141', 1, [1, 1, 0, 1, 1, 0, 0, 0], 0, ([40, 32, 8], [129, 125, 0, 4]), [2, 0, 2], [0, 0]]
['io.github.v2compose_101', 0, [0, 0, 0, 0, 0, 0, 0, 0], 0, ([0, 0, 0], [0, 0, 0, 0]), [0, 0, 0], [0, 0]]
['business.braid.f_wallet_120', 1, [1, 1, 0, 0, 1, 0, 0, 0], 0, ([41, 4, 37], [151, 134, 1, 16]), [2, 0, 1], [0, 0]]
['net.kervala.comicsreader_28', 1, [0, 1, 1, 1, 0, 1, 0, 0], 0, ([6, 6, 0], [9, 9, 0, 0]), [1, 1, 1], [0, 0]]
['com.madlonkay.orgro_151', 1, [1, 1, 0, 1, 1, 0, 0, 0], 0, ([42, 4, 38], [152, 135, 1, 16]), [3, 1, 1], [0, 0]]
['org.documentfoundation.libreoffice_75', 1, [1, 0, 0, 0, 0, 0, 0, 0], 0, ([54, 15, 39], [134, 117, 0, 17]), [14, 1, 1], [0, 0]]
['io.github.drumber.kitsune_37', 1, [1, 1, 0, 1, 1, 0, 0, 0], 0, ([8, 0, 8], [24, 23, 0, 1]), [1, 0, 1], [0, 0]]
['hu.vsza.adsdroid_11', 0, [0, 0, 0, 0, 0, 0, 0, 0], 0, ([0, 0, 0], [0, 0, 0, 0]), [0, 0, 0], [0, 0]]
['com.fisheradelakin.interactivestory_1', 0, [0, 0, 0, 0, 0, 0, 0, 0], 0, ([0, 0, 0], [0, 0, 0, 0]), [0, 0, 0], [0, 0]]
['com.mykola.lexinproject_6', 0, [0, 0, 0, 0, 0, 0, 0, 0], 0, ([0, 0, 0], [0, 0, 0, 0]), [0, 0, 0], [0, 0]]
['org.example.rosary_3', 0, [0, 0, 0, 0, 0, 0, 0, 0], 0, ([0, 0, 0], [0, 0, 0, 0]), [0, 0, 0], [0, 0]]
['com.gmail.cn.leetao94.rssaid_14', 1, [1, 1, 0, 0, 1, 0, 0, 0], 0, ([170, 33, 137], [376, 227, 6, 143]), [2, 0, 1], [0, 0]]
['app.reading.stoic.stoicreading2_77', 0, [0, 0, 0, 0, 0, 0, 0, 0], 0, ([0, 0, 0], [0, 0, 0, 0]), [0, 0, 0], [0, 0]]
['com.gimranov.zandy.app_1461', 0, [0, 0, 0, 0, 0, 0, 0, 0], 0, ([0, 0, 0], [0, 0, 0, 0]), [0, 0, 0], [0, 0]]
['com.github.trilinder.tapasclient_1', 0, [0, 0, 0, 0, 0, 0, 0, 0], 0, ([0, 0, 0], [0, 0, 0, 0]), [0, 0, 0], [0, 0]]
['com.javierllorente.adc_1', 0, [0, 0, 0, 0, 0, 0, 0, 0], 0, ([0, 0, 0], [0, 0, 0, 0]), [0, 0, 0], [0, 0]]
['com.damiengo.websiterss_7', 0, [0, 0, 0, 0, 0, 0, 0, 0], 0, ([0, 0, 0], [0, 0, 0, 0]), [0, 0, 0], [0, 0]]
['com.easwareapps.quoter_3', 0, [0, 0, 0, 0, 0, 0, 0, 0], 0, ([0, 0, 0], [0, 0, 0, 0]), [0, 0, 0], [0, 0]]
['com.thehoick.evergreenwishlist_18', 0, [0, 0, 0, 0, 0, 0, 0, 0], 0, ([0, 0, 0], [0, 0, 0, 0]), [0, 0, 0], [0, 0]]
['com.iven.xdafeedreader_5', 0, [0, 0, 0, 0, 0, 0, 0, 0], 0, ([0, 0, 0], [0, 0, 0, 0]), [0, 0, 0], [0, 0]]
['de.bernd.bikalo_1', 0, [0, 0, 0, 0, 0, 0, 0, 0], 0, ([0, 0, 0], [0, 0, 0, 0]), [0, 0, 0], [0, 0]]
['co.epitre.aelf_lectures_83', 1, [1, 1, 0, 1, 1, 0, 0, 0], 0, ([29, 29, 0], [96, 93, 0, 3]), [1, 0, 1], [0, 0]]
['org.yuttadhammo.tipitaka_59', 0, [0, 0, 0, 0, 0, 0, 0, 0], 0, ([0, 0, 0], [0, 0, 0, 0]), [0, 0, 0], [0, 0]]
['org.nsh07.wikireader_20', 1, [1, 1, 0, 1, 1, 0, 0, 0], 0, ([12, 0, 12], [32, 31, 0, 1]), [2, 1, 1], [0, 0]]
['me.ash.reader_27', 1, [1, 1, 0, 1, 1, 0, 0, 0], 0, ([8, 0, 8], [24, 23, 0, 1]), [2, 1, 1], [0, 0]]
['de.beowulf.libretranslater_5', 0, [0, 0, 0, 0, 0, 0, 0, 0], 0, ([0, 0, 0], [0, 0, 0, 0]), [0, 0, 0], [0, 0]]
['com.serwylo.babybook_12', 0, [0, 0, 0, 0, 0, 0, 0, 0], 0, ([0, 0, 0], [0, 0, 0, 0]), [0, 0, 0], [0, 0]]
['fr.ryder.benoit.jmdictdroid_5', 1, [1, 1, 0, 1, 1, 0, 0, 0], 0, ([8, 0, 8], [24, 23, 0, 1]), [1, 0, 1], [0, 0]]
['com.timenotclocks.bookcase_22', 0, [0, 0, 0, 0, 0, 0, 0, 0], 0, ([0, 0, 0], [0, 0, 0, 0]), [0, 0, 0], [0, 0]]
['org.decsync.flym_46', 0, [0, 0, 0, 0, 0, 0, 0, 0], 0, ([0, 0, 0], [0, 0, 0, 0]), [0, 0, 0], [0, 0]]
['io.github.snd_r.komelia_5', 1, [1, 1, 0, 1, 1, 0, 0, 0], 0, ([92, 8, 84], [239, 203, 0, 36]), [36, 4, 2], [0, 0]]
['in.ac.dtu.subtlenews_10', 0, [0, 0, 0, 0, 0, 0, 0, 0], 0, ([0, 0, 0], [0, 0, 0, 0]), [0, 0, 0], [0, 0]]
['uk.co.busydoingnothing.prevo_26', 0, [0, 0, 0, 0, 0, 0, 0, 0], 0, ([0, 0, 0], [0, 0, 0, 0]), [0, 0, 0], [0, 0]]
['np.com.binabh.basedcooking_4', 1, [1, 1, 0, 1, 1, 0, 0, 0], 0, ([103, 20, 83], [261, 191, 4, 66]), [3, 0, 1], [0, 0]]
['com.nunti_20', 1, [1, 1, 0, 1, 1, 0, 0, 0], 0, ([237, 133, 104], [612, 504, 0, 108]), [60, 0, 19], [0, 0]]
['io.gresse.hugo.anecdote_23', 0, [0, 0, 0, 0, 0, 0, 0, 0], 0, ([0, 0, 0], [0, 0, 0, 0]), [0, 0, 0], [0, 0]]
['com.foobnix.pro.pdf.reader_6202', 1, [1, 1, 1, 1, 1, 0, 0, 0], 0, ([647, 94, 553], [1404, 1083, 0, 321]), [3, 2, 1], [0, 0]]
['net.oschina.app_18', 0, [0, 0, 0, 0, 0, 0, 0, 0], 0, ([0, 0, 0], [0, 0, 0, 0]), [0, 0, 0], [0, 0]]
['com.quinncasey.paperless_share_1011', 1, [1, 1, 0, 0, 1, 0, 0, 0], 0, ([37, 5, 32], [136, 122, 1, 13]), [2, 0, 1], [0, 0]]
['com.axiel7.anihyou_78', 1, [1, 1, 0, 1, 1, 0, 0, 0], 0, ([8, 0, 8], [24, 23, 0, 1]), [2, 1, 1], [0, 0]]
['xyz.yeikoff.librebible_20231110', 0, [0, 0, 0, 0, 0, 0, 0, 0], 0, ([0, 0, 0], [0, 0, 0, 0]), [0, 0, 0], [0, 0]]
['com.hassaneltantawy.alazkar_12', 1, [1, 1, 0, 0, 1, 0, 0, 0], 0, ([42, 4, 38], [152, 135, 1, 16]), [2, 0, 1], [0, 0]]
['com.capyreader.app_1097', 1, [1, 1, 0, 1, 1, 0, 0, 0], 0, ([8, 0, 8], [24, 23, 0, 1]), [1, 0, 1], [0, 0]]
['com.totsp.bookworm_19', 0, [0, 0, 0, 0, 0, 0, 0, 0], 0, ([0, 0, 0], [0, 0, 0, 0]), [0, 0, 0], [0, 0]]
['de.micmun.android.nextcloudcookbook_302', 0, [0, 0, 0, 0, 0, 0, 0, 0], 0, ([0, 0, 0], [0, 0, 0, 0]), [0, 0, 0], [0, 0]]
['nl.viter.glider_49', 1, [1, 1, 0, 0, 1, 0, 0, 0], 0, ([41, 4, 37], [152, 135, 1, 16]), [2, 0, 1], [0, 0]]
['com.edwardoyarzun.diccionario_2', 0, [0, 0, 0, 0, 0, 0, 0, 0], 0, ([0, 0, 0], [0, 0, 0, 0]), [0, 0, 0], [0, 0]]
['caldwell.ben.bites_4', 0, [0, 0, 0, 0, 0, 0, 0, 0], 0, ([0, 0, 0], [0, 0, 0, 0]), [0, 0, 0], [0, 0]]
['org.androidfromfrankfurt.archnews_4', 0, [0, 0, 0, 0, 0, 0, 0, 0], 0, ([0, 0, 0], [0, 0, 0, 0]), [0, 0, 0], [0, 0]]
['org.freshrss.easyrss_706', 0, [0, 0, 0, 0, 0, 0, 0, 0], 0, ([0, 0, 0], [0, 0, 0, 0]), [0, 0, 0], [0, 0]]
['ru.gelin.android.browser.open_8', 0, [0, 0, 0, 0, 0, 0, 0, 0], 0, ([0, 0, 0], [0, 0, 0, 0]), [0, 0, 0], [0, 0]]
['za.co.lukestonehm.logicaldefence_22', 0, [0, 0, 0, 0, 0, 0, 0, 0], 0, ([0, 0, 0], [0, 0, 0, 0]), [0, 0, 0], [0, 0]]
['eu.prismsw.lampshade_134', 0, [0, 0, 0, 0, 0, 0, 0, 0], 0, ([0, 0, 0], [0, 0, 0, 0]), [0, 0, 0], [0, 0]]
['com.livefast.eattrash.raccoonforfriendica_74', 1, [1, 1, 0, 1, 1, 0, 0, 0], 0, ([39, 31, 8], [108, 105, 0, 3]), [4, 2, 1], [0, 0]]
['cx.hell.android.pdfview_40000', 1, [0, 1, 1, 1, 0, 0, 0, 0], 0, ([10, 1, 9], [29, 25, 0, 4]), [1, 1, 1], [0, 0]]
['com.nima.wikianime_2', 0, [0, 0, 0, 0, 0, 0, 0, 0], 0, ([0, 0, 0], [0, 0, 0, 0]), [0, 0, 0], [0, 0]]
['org.developfreedom.wordpowermadeeasy_1700', 0, [0, 0, 0, 0, 0, 0, 0, 0], 0, ([0, 0, 0], [0, 0, 0, 0]), [0, 0, 0], [0, 0]]
['de.circle_dev.flux_news_2024092313', 1, [1, 0, 0, 0, 0, 0, 0, 0], 0, ([169, 129, 40], [580, 509, 5, 66]), [4, 1, 2], [0, 0]]
['org.hlwd.bible_multi_the_life_20250128', 1, [1, 1, 0, 1, 1, 0, 0, 0], 0, ([41, 4, 37], [151, 134, 1, 16]), [3, 1, 1], [0, 0]]
['com.bugsdev2.bookaccio_301', 1, [1, 1, 0, 1, 1, 0, 0, 0], 0, ([389, 158, 231], [931, 734, 0, 197]), [47, 1, 25], [0, 0]]
['org.mbach.lemonde_36', 1, [1, 1, 0, 1, 1, 0, 0, 0], 0, ([359, 150, 209], [869, 688, 0, 181]), [45, 1, 23], [0, 0]]
['com.artifex.mupdf.mini.app_154', 1, [1, 1, 0, 1, 0, 0, 0, 0], 0, ([606, 29, 577], [1190, 862, 0, 328]), [1, 1, 1], [0, 0]]
['com.github.niccokunzmann.hanumanchalisa_8', 0, [0, 0, 0, 0, 0, 0, 0, 0], 0, ([0, 0, 0], [0, 0, 0, 0]), [0, 0, 0], [0, 0]]
['org.softcatala.traductor_39', 0, [0, 0, 0, 0, 0, 0, 0, 0], 0, ([0, 0, 0], [0, 0, 0, 0]), [0, 0, 0], [0, 0]]
['uk.co.busydoingnothing.pocketrl_1', 0, [0, 0, 0, 0, 0, 0, 0, 0], 0, ([0, 0, 0], [0, 0, 0, 0]), [0, 0, 0], [0, 0]]
['net.nightwhistler.pageturner_60', 0, [0, 0, 0, 0, 0, 0, 0, 0], 0, ([0, 0, 0], [0, 0, 0, 0]), [0, 0, 0], [0, 0]]
['com.utazukin.ichaival_46', 1, [1, 1, 0, 1, 1, 0, 0, 0], 0, ([19, 11, 8], [58, 49, 0, 9]), [2, 1, 2], [0, 0]]
['com.elfeedcljsrn_10', 1, [1, 1, 0, 1, 1, 0, 0, 0], 0, ([237, 136, 101], [609, 500, 0, 109]), [54, 0, 15], [0, 0]]
['com.danemadsen.maid_16972', 1, [1, 0, 0, 0, 0, 0, 0, 0], 0, ([80, 14, 66], [225, 169, 4, 52]), [3, 0, 1], [0, 0]]
['io.gitlab.pycpim.marxist_35', 0, [0, 0, 0, 0, 0, 0, 0, 0], 0, ([0, 0, 0], [0, 0, 0, 0]), [0, 0, 0], [0, 0]]
['com.prof18.feedflow_1012', 1, [1, 1, 0, 1, 1, 0, 0, 0], 0, ([8, 0, 8], [24, 23, 0, 1]), [1, 0, 1], [0, 0]]
['com.app.equran_123', 1, [1, 0, 0, 0, 0, 0, 0, 0], 0, ([126, 25, 101], [311, 208, 5, 98]), [2, 0, 1], [0, 0]]
['com.bibleside.bibleside_11', 1, [1, 1, 0, 0, 1, 0, 0, 0], 0, ([42, 4, 38], [152, 135, 1, 16]), [2, 0, 1], [0, 0]]
['de.taz.android.app.free_11001900', 1, [1, 1, 0, 1, 1, 0, 0, 0], 0, ([864, 317, 547], [2086, 1549, 0, 537]), [3, 2, 2], [0, 0]]
['com.sobuumedia.sobuu_5', 1, [1, 1, 0, 1, 1, 0, 0, 0], 0, ([24, 16, 8], [70, 69, 0, 1]), [2, 1, 1], [0, 0]]
['io.davidar.fabularium_27', 1, [1, 1, 0, 1, 1, 0, 0, 0], 0, ([12, 12, 0], [30, 26, 0, 4]), [19, 3, 1], [0, 0]]
['de.monocles.translator_604', 1, [1, 0, 0, 0, 0, 0, 0, 0], 0, ([10, 4, 6], [27, 26, 0, 1]), [4, 2, 2], [0, 0]]
['org.legtux.m_316k.fortune_2', 0, [0, 0, 0, 0, 0, 0, 0, 0], 0, ([0, 0, 0], [0, 0, 0, 0]), [0, 0, 0], [0, 0]]
['io.github.yamin8000.owl_46', 1, [1, 1, 0, 1, 1, 0, 0, 0], 0, ([8, 0, 8], [24, 23, 0, 1]), [2, 1, 1], [0, 0]]
['town.robin.toadua_9', 0, [0, 0, 0, 0, 0, 0, 0, 0], 0, ([0, 0, 0], [0, 0, 0, 0]), [0, 0, 0], [0, 0]]
['com.nolanlawson.jnameconverter_1', 0, [0, 0, 0, 0, 0, 0, 0, 0], 0, ([0, 0, 0], [0, 0, 0, 0]), [0, 0, 0], [0, 0]]
['fr.gaulupeau.apps.InThePoche_233', 1, [1, 1, 0, 1, 1, 0, 0, 0], 0, ([288, 288, 0], [940, 715, 0, 225]), [1, 0, 1], [0, 0]]
['io.gitlab.coolreader_ng.lxreader.fdroid_80100', 1, [1, 1, 0, 1, 1, 0, 0, 0], 0, ([54, 6, 48], [173, 151, 0, 22]), [1, 1, 1], [0, 0]]
['com.schwegelbin.openbible_25', 1, [1, 1, 0, 1, 1, 0, 0, 0], 0, ([8, 0, 8], [24, 23, 0, 1]), [1, 0, 1], [0, 0]]
['org.ironrabbit_6', 0, [0, 0, 0, 0, 0, 0, 0, 0], 0, ([3, 0, 3], [9, 9, 0, 0]), [0, 0, 0], [0, 0]]
['com.nilhcem.frcndict_11', 0, [0, 0, 0, 0, 0, 0, 0, 0], 0, ([0, 0, 0], [0, 0, 0, 0]), [0, 0, 0], [0, 0]]
['com.concept1tech.instalate_13', 0, [0, 0, 0, 0, 0, 0, 0, 0], 0, ([0, 0, 0], [0, 0, 0, 0]), [0, 0, 0], [0, 0]]
['buet.rafi.dictionary_5', 0, [0, 0, 0, 0, 0, 0, 0, 0], 0, ([0, 0, 0], [0, 0, 0, 0]), [0, 0, 0], [0, 0]]
['nightlock.peppercarrot_12', 0, [0, 0, 0, 0, 0, 0, 0, 0], 0, ([0, 0, 0], [0, 0, 0, 0]), [0, 0, 0], [0, 0]]
['eu.lepiller.nani_16', 0, [0, 0, 0, 0, 0, 0, 0, 0], 0, ([0, 0, 0], [0, 0, 0, 0]), [0, 0, 0], [0, 0]]
['com.gbeatty.arxiv_39', 0, [0, 0, 0, 0, 0, 0, 0, 0], 0, ([0, 0, 0], [0, 0, 0, 0]), [0, 0, 0], [0, 0]]
['org.zephyrsoft.sdbviewer_10', 0, [0, 0, 0, 0, 0, 0, 0, 0], 0, ([0, 0, 0], [0, 0, 0, 0]), [0, 0, 0], [0, 0]]
['org.scotthamilton.trollslate_30000000', 0, [0, 0, 0, 0, 0, 0, 0, 0], 0, ([0, 0, 0], [0, 0, 0, 0]), [0, 0, 0], [0, 0]]
['com.app.openlib_12', 1, [1, 1, 0, 1, 1, 0, 0, 0], 0, ([184, 33, 151], [433, 278, 6, 149]), [7, 1, 1], [0, 0]]
['com.as.anagramsolver_19', 0, [0, 0, 0, 0, 0, 0, 0, 0], 0, ([0, 0, 0], [0, 0, 0, 0]), [0, 0, 0], [0, 0]]
['com.cosmos.unreddit_22', 0, [0, 0, 0, 0, 0, 0, 0, 0], 0, ([168, 26, 142], [302, 142, 4, 156]), [0, 0, 0], [0, 0]]
['com.xtreak.notificationdictionary_23', 1, [1, 1, 0, 1, 1, 0, 0, 0], 0, ([10, 10, 0], [27, 25, 0, 2]), [2, 1, 0], [0, 0]]
['org.hlwd.bible_20250123', 0, [0, 0, 0, 0, 0, 0, 0, 0], 0, ([0, 0, 0], [0, 0, 0, 0]), [0, 0, 0], [0, 0]]
['net.timelegend.chaka.viewer.app_157', 1, [1, 1, 0, 1, 1, 0, 0, 0], 0, ([573, 29, 544], [1139, 826, 0, 313]), [1, 1, 1], [0, 0]]
['com.olam_1', 0, [0, 0, 0, 0, 0, 0, 0, 0], 0, ([0, 0, 0], [0, 0, 0, 0]), [0, 0, 0], [0, 0]]
['com.tughi.aggregator_299034', 0, [0, 0, 0, 0, 0, 0, 0, 0], 0, ([0, 0, 0], [0, 0, 0, 0]), [0, 0, 0], [0, 0]]
['kshib.raven_2163', 1, [0, 0, 0, 0, 1, 0, 0, 0], 0, ([41, 4, 37], [151, 134, 1, 16]), [2, 0, 1], [0, 0]]
['com.example.harisont.librery_4', 0, [0, 0, 0, 0, 0, 0, 0, 0], 0, ([0, 0, 0], [0, 0, 0, 0]), [0, 0, 0], [0, 0]]
['com.halftough.webcomreader_4', 0, [0, 0, 0, 0, 0, 0, 0, 0], 0, ([0, 0, 0], [0, 0, 0, 0]), [0, 0, 0], [0, 0]]
['io.github.droidapps.pdfreader_40000', 1, [0, 1, 1, 1, 0, 0, 0, 0], 0, ([12, 1, 11], [32, 27, 0, 5]), [1, 1, 1], [0, 0]]
['org.ocsinventoryng.android.agent_24', 0, [0, 0, 0, 0, 0, 0, 0, 0], 0, ([0, 0, 0], [0, 0, 0, 0]), [0, 0, 0], [0, 0]]
['eu.quelltext.gita_6', 0, [0, 0, 0, 0, 0, 0, 0, 0], 0, ([0, 0, 0], [0, 0, 0, 0]), [0, 0, 0], [0, 0]]
['italian.said.fran.theitaliansaid_2', 0, [0, 0, 0, 0, 0, 0, 0, 0], 0, ([0, 0, 0], [0, 0, 0, 0]), [0, 0, 0], [0, 0]]
['com.ero.kinoko_101', 1, [1, 1, 0, 1, 1, 0, 0, 0], 0, ([44, 4, 40], [160, 140, 1, 19]), [8, 3, 4], [0, 0]]
['ch.joshuah.bibleverseapp_4', 0, [0, 0, 0, 0, 0, 0, 0, 0], 0, ([0, 0, 0], [0, 0, 0, 0]), [0, 0, 0], [0, 0]]
['app.seeneva.reader_4', 1, [1, 1, 0, 1, 1, 0, 0, 0], 0, ([11, 7, 4], [37, 17, 0, 20]), [1, 1, 1], [0, 0]]
['app.tujice.jergasColombia_1', 0, [0, 0, 0, 0, 0, 0, 0, 0], 0, ([0, 0, 0], [0, 0, 0, 0]), [0, 0, 0], [0, 0]]
['it.iiizio.epubator_13', 0, [0, 0, 0, 0, 0, 0, 0, 0], 0, ([0, 0, 0], [0, 0, 0, 0]), [0, 0, 0], [0, 0]]
['de.astubenbord.paperless_mobile_4053', 1, [1, 0, 0, 0, 0, 0, 0, 0], 0, ([86, 49, 37], [318, 299, 1, 18]), [3, 1, 2], [0, 0]]
['org.ligi.passandroid_373', 0, [0, 0, 0, 0, 0, 0, 0, 0], 0, ([0, 0, 0], [0, 0, 0, 0]), [0, 0, 0], [0, 0]]
['org.eu.mumulhl.ciyue_443', 1, [1, 0, 0, 0, 0, 0, 0, 0], 0, ([42, 4, 38], [152, 135, 1, 16]), [4, 1, 1], [0, 0]]
['com.manimarank.spell4wiki_16', 1, [1, 1, 0, 1, 1, 0, 0, 0], 0, ([17, 17, 0], [23, 23, 0, 0]), [14, 3, 3], [0, 0]]
['ch.gassenarbeit.bern.your.rights_203', 0, [0, 0, 0, 0, 0, 0, 0, 0], 0, ([0, 0, 0], [0, 0, 0, 0]), [0, 0, 0], [0, 0]]
['luke.kfz_10004', 0, [0, 0, 0, 0, 0, 0, 0, 0], 0, ([0, 0, 0], [0, 0, 0, 0]), [0, 0, 0], [0, 0]]
['org.koreader.launcher.fdroid_108123', 1, [0, 0, 0, 1, 0, 0, 0, 0], 0, ([2, 0, 2], [8, 7, 0, 1]), [7, 2, 0], [0, 0]]
['com.sbv.linkdroid_12', 0, [0, 0, 0, 0, 0, 0, 0, 0], 0, ([0, 0, 0], [0, 0, 0, 0]), [0, 0, 0], [0, 0]]
['io.github.petlyh.jsdict_9', 1, [1, 1, 0, 0, 1, 0, 0, 0], 0, ([41, 4, 37], [152, 135, 1, 16]), [2, 0, 1], [0, 0]]
['org.handmadeideas.floccus_5004003', 0, [0, 0, 0, 0, 0, 0, 0, 0], 0, ([0, 0, 0], [0, 0, 0, 0]), [0, 0, 0], [0, 0]]
['org.mcxa.vortaro_5', 0, [0, 0, 0, 0, 0, 0, 0, 0], 0, ([0, 0, 0], [0, 0, 0, 0]), [0, 0, 0], [0, 0]]
['com.jtmcn.archwiki.viewer_15', 0, [0, 0, 0, 0, 0, 0, 0, 0], 0, ([0, 0, 0], [0, 0, 0, 0]), [0, 0, 0], [0, 0]]
['name.bresciani.marco.tkcompanionapp_700', 1, [1, 1, 0, 1, 1, 0, 0, 0], 0, ([222, 136, 86], [571, 468, 0, 103]), [53, 0, 14], [0, 0]]
['com.aerotoad.thud_11', 0, [0, 0, 0, 0, 0, 0, 0, 0], 0, ([0, 0, 0], [0, 0, 0, 0]), [0, 0, 0], [0, 0]]
['com.dhaval.bookland_1', 0, [0, 0, 0, 0, 0, 0, 0, 0], 0, ([0, 0, 0], [0, 0, 0, 0]), [0, 0, 0], [0, 0]]
['com.oF2pks.jquarks_24', 0, [0, 0, 0, 0, 0, 0, 0, 0], 0, ([0, 0, 0], [0, 0, 0, 0]), [0, 0, 0], [0, 0]]
['org.grating.styncynotes_1', 1, [1, 1, 0, 1, 1, 0, 0, 0], 0, ([12, 0, 12], [32, 31, 0, 1]), [2, 1, 1], [0, 0]]
['com.jiaqifeng.hacki_1553', 1, [1, 0, 0, 0, 0, 0, 0, 0], 0, ([174, 22, 152], [376, 236, 4, 136]), [2, 0, 1], [0, 0]]
['com.github.wgh136.venera_1223', 1, [0, 0, 0, 0, 1, 0, 0, 0], 0, ([44, 4, 40], [154, 137, 1, 16]), [9, 1, 2], [0, 0]]
['com.timebinding.manhoodofhumanity_1', 0, [0, 0, 0, 0, 0, 0, 0, 0], 0, ([0, 0, 0], [0, 0, 0, 0]), [0, 0, 0], [0, 0]]
['org.koitharu.kotatsu_701', 1, [1, 1, 0, 1, 1, 0, 0, 0], 0, ([298, 293, 5], [970, 737, 0, 233]), [2, 1, 2], [0, 0]]
['com.saverio.wordoftheday_en_17', 0, [0, 0, 0, 0, 0, 0, 0, 0], 0, ([0, 0, 0], [0, 0, 0, 0]), [0, 0, 0], [0, 0]]
['ua.acclorite.book_story_10', 1, [1, 1, 0, 1, 1, 0, 0, 0], 0, ([8, 0, 8], [24, 23, 0, 1]), [2, 1, 1], [0, 0]]
['net.pherth.omnomagon_4', 0, [0, 0, 0, 0, 0, 0, 0, 0], 0, ([0, 0, 0], [0, 0, 0, 0]), [0, 0, 0], [0, 0]]
['ch.tiim.markdown_widget_7', 0, [0, 0, 0, 0, 0, 0, 0, 0], 0, ([0, 0, 0], [0, 0, 0, 0]), [0, 0, 0], [0, 0]]
['com.artifex.mupdf.viewer.app_164', 1, [1, 1, 0, 1, 0, 0, 0, 0], 0, ([606, 29, 577], [1190, 862, 0, 328]), [1, 1, 1], [0, 0]]
['com.sevag.unrealtracker_7', 0, [0, 0, 0, 0, 0, 0, 0, 0], 0, ([0, 0, 0], [0, 0, 0, 0]), [0, 0, 0], [0, 0]]
['it.collideorscopeapps.codename_hippopotamos_14', 0, [0, 0, 0, 0, 0, 0, 0, 0], 0, ([0, 0, 0], [0, 0, 0, 0]), [0, 0, 0], [0, 0]]
['gov.anzong.androidnga_4001', 0, [0, 0, 0, 0, 0, 0, 0, 0], 0, ([0, 0, 0], [0, 0, 0, 0]), [0, 0, 0], [0, 0]]
['de.benibela.videlibri_2930', 1, [1, 0, 1, 1, 1, 0, 0, 0], 0, ([40, 40, 0], [89, 51, 1, 37]), [1, 0, 1], [0, 0]]
['net.androidcomics.acv_46', 0, [0, 0, 0, 0, 0, 0, 0, 0], 0, ([0, 0, 0], [0, 0, 0, 0]), [0, 0, 0], [0, 0]]
['org.iilab.openmentoring_2008', 0, [0, 0, 0, 0, 0, 0, 0, 0], 0, ([0, 0, 0], [0, 0, 0, 0]), [0, 0, 0], [0, 0]]
['com.annie.dictionary.fork_20210415', 1, [1, 1, 0, 1, 1, 0, 0, 0], 0, ([9, 0, 9], [19, 19, 0, 0]), [2, 1, 1], [0, 0]]
['de.reimardoeffinger.quickdic_123', 0, [0, 0, 0, 0, 0, 0, 0, 0], 0, ([0, 0, 0], [0, 0, 0, 0]), [0, 0, 0], [0, 0]]
['de.eknoes.inofficialgolem_148', 0, [0, 0, 0, 0, 0, 0, 0, 0], 0, ([0, 0, 0], [0, 0, 0, 0]), [0, 0, 0], [0, 0]]
['cz.slaby.dpc_13', 1, [1, 0, 0, 0, 0, 0, 0, 0], 0, ([42, 4, 38], [152, 135, 1, 16]), [5, 0, 1], [0, 0]]
['com.wirelessalien.android.bhagavadgita_8', 0, [0, 0, 0, 0, 0, 0, 0, 0], 0, ([0, 0, 0], [0, 0, 0, 0]), [0, 0, 0], [0, 0]]
['com.wqar.quran_mem_helper_72', 1, [1, 0, 0, 0, 0, 0, 0, 0], 0, ([41, 4, 37], [151, 134, 1, 16]), [2, 0, 1], [0, 0]]
['app.shosetsu.android.fdroid_45', 0, [0, 0, 0, 0, 0, 0, 0, 0], 0, ([0, 0, 0], [0, 0, 0, 0]), [0, 0, 0], [0, 0]]
['com.nononsenseapps.feeder_325', 1, [1, 1, 1, 1, 1, 1, 1, 0], 0, ([366, 365, 1], [1271, 979, 0, 292]), [4, 2, 2], [0, 0]]
['com.workingagenda.democracydroid_56', 1, [1, 1, 0, 1, 1, 0, 0, 0], 0, ([15, 15, 0], [61, 49, 0, 12]), [3, 0, 3], [0, 0]]
['itkach.aard2_58', 0, [0, 0, 0, 0, 0, 0, 0, 0], 0, ([0, 0, 0], [0, 0, 0, 0]), [0, 0, 0], [0, 0]]
['org.sufficientlysecure.viewer_2827', 1, [0, 0, 0, 0, 0, 0, 1, 0], 0, ([64, 64, 0], [223, 198, 0, 25]), [1, 1, 1], [0, 0]]
['org.decsync.sparss.floss_99', 0, [0, 0, 0, 0, 0, 0, 0, 0], 0, ([0, 0, 0], [0, 0, 0, 0]), [0, 0, 0], [0, 0]]
['fr.odrevet.fujiten_4', 1, [1, 1, 0, 0, 1, 0, 0, 0], 0, ([38, 4, 34], [143, 127, 1, 15]), [2, 0, 1], [0, 0]]
['com.yasfa.views_3', 0, [0, 0, 0, 0, 0, 0, 0, 0], 0, ([0, 0, 0], [0, 0, 0, 0]), [0, 0, 0], [0, 0]]
['universe.constellation.orion.viewer_2422', 1, [1, 0, 0, 0, 0, 0, 0, 0], 0, ([622, 40, 582], [1252, 914, 0, 338]), [2, 2, 1], [0, 0]]
['m.co.rh.id.a_news_provider_68', 0, [0, 0, 0, 0, 0, 0, 0, 0], 0, ([0, 0, 0], [0, 0, 0, 0]), [0, 0, 0], [0, 0]]
['nl.privacydragon.bookwyrm_15', 1, [1, 1, 0, 1, 1, 0, 0, 0], 0, ([288, 288, 0], [940, 715, 0, 225]), [1, 0, 1], [0, 0]]
['com.mschlauch.comfortreader_13', 0, [0, 0, 0, 0, 0, 0, 0, 0], 0, ([0, 0, 0], [0, 0, 0, 0]), [0, 0, 0], [0, 0]]
['com.readrops.app_20', 1, [1, 1, 0, 1, 1, 0, 0, 0], 0, ([0, 0, 0], [0, 0, 0, 0]), [1, 1, 0], [0, 0]]
['com.zfdang.zsmth_android_1013', 1, [1, 1, 0, 1, 1, 0, 0, 0], 0, ([63, 22, 41], [134, 104, 0, 30]), [5, 0, 5], [0, 0]]
['at.tomtasche.reader_186', 1, [1, 1, 0, 1, 1, 0, 0, 0], 0, ([24, 19, 5], [68, 63, 0, 5]), [6, 5, 0], [0, 0]]
['dev.mlzzen.androidnga_1000201', 0, [0, 0, 0, 0, 0, 0, 0, 0], 0, ([0, 0, 0], [0, 0, 0, 0]), [0, 0, 0], [0, 0]]
['de.tap.easy_xkcd_193', 0, [0, 0, 0, 0, 0, 0, 0, 0], 0, ([0, 0, 0], [0, 0, 0, 0]), [0, 0, 0], [0, 0]]
['com.simplytranslate_mobile_13', 1, [1, 1, 0, 0, 1, 0, 0, 0], 0, ([92, 18, 74], [245, 171, 5, 69]), [2, 0, 1], [0, 0]]
['dev.atajan.lingva_android_22', 0, [0, 0, 0, 0, 0, 0, 0, 0], 0, ([0, 0, 0], [0, 0, 0, 0]), [0, 0, 0], [0, 0]]
['jp.softstudio.DriversLicenseReader_5', 0, [0, 0, 0, 0, 0, 0, 0, 0], 0, ([0, 0, 0], [0, 0, 0, 0]), [0, 0, 0], [0, 0]]
['com.chao.app_315', 1, [1, 1, 0, 1, 1, 0, 0, 0], 0, ([39, 6, 33], [170, 147, 1, 22]), [3, 1, 1], [0, 0]]
['com.chesire.nekome_24081508', 0, [0, 0, 0, 0, 0, 0, 0, 0], 0, ([0, 0, 0], [0, 0, 0, 0]), [0, 0, 0], [0, 0]]
['com.geekorum.ttrss.free_1068249', 0, [0, 0, 0, 0, 0, 0, 0, 0], 0, ([0, 0, 0], [0, 0, 0, 0]), [0, 0, 0], [0, 0]]
['com.example.deeplviewer_41', 0, [0, 0, 0, 0, 0, 0, 0, 0], 0, ([0, 0, 0], [0, 0, 0, 0]), [0, 0, 0], [0, 0]]
['software.mdev.bookstracker_55', 1, [1, 1, 0, 0, 1, 0, 0, 0], 0, ([174, 35, 139], [390, 237, 6, 147]), [2, 0, 1], [0, 0]]
['com.mde.potdroid_90', 0, [0, 0, 0, 0, 0, 0, 0, 0], 0, ([0, 0, 0], [0, 0, 0, 0]), [0, 0, 0], [0, 0]]
['garden.lina.oblique_strategies_2', 1, [1, 1, 0, 0, 1, 0, 0, 0], 0, ([41, 4, 37], [152, 135, 1, 16]), [2, 0, 1], [0, 0]]
['eu.toldi.infinityforlemmy_136', 1, [1, 1, 0, 1, 1, 0, 0, 0], 0, ([23, 23, 0], [53, 49, 0, 4]), [1, 1, 1], [0, 0]]
['com.bmpak.anagramsolver_20', 1, [0, 1, 1, 1, 0, 1, 0, 0], 0, ([314, 16, 298], [1116, 1105, 0, 11]), [1, 1, 1], [0, 0]]
['com.mirfatif.noorulhuda_103', 0, [0, 0, 0, 0, 0, 0, 0, 0], 0, ([0, 0, 0], [0, 0, 0, 0]), [0, 0, 0], [0, 0]]
['org.ligi.survivalmanual_428', 0, [0, 0, 0, 0, 0, 0, 0, 0], 0, ([0, 0, 0], [0, 0, 0, 0]), [0, 0, 0], [0, 0]]
