apk_name, have_lib, [arm64-v8a, armeabi-v7a, armeabi, x86, x86_64, mips, mips64, other], native-activity, ([jni_method_total_num, static_num, nostatic_num], [total_all_type, total_basic_type, total_icc_type, total_complex_type, total_complex_type]), [so_total_num, so_Java_num, so_onLoad_num], [have_other_elf, have_pwd_zip]
['ac.robinson.mediaphone_59', 0, [0, 0, 0, 0, 0, 0, 0, 0], 0, ([0, 0, 0], [0, 0, 0, 0]), [0, 0, 0], [0, 0]]
['net.ebt.muzei.miyazaki_320', 0, [0, 0, 0, 0, 0, 0, 0, 0], 0, ([0, 0, 0], [0, 0, 0, 0]), [0, 0, 0], [0, 0]]
['com.google.zxing.client.android_108', 0, [0, 0, 0, 0, 0, 0, 0, 0], 0, ([0, 0, 0], [0, 0, 0, 0]), [0, 0, 0], [0, 0]]
['com.isdp.trirose_2', 0, [0, 0, 0, 0, 0, 0, 0, 0], 0, ([0, 0, 0], [0, 0, 0, 0]), [0, 0, 0], [0, 0]]
['org.hzontal.tellaFOSS_149', 1, [1, 1, 1, 1, 1, 0, 0, 1], 0, ([68, 11, 57], [197, 174, 0, 23]), [2, 1, 1], [0, 0]]
['com.stonegate.tsacdop_48', 1, [1, 1, 0, 0, 1, 0, 0, 0], 0, ([31, 4, 27], [113, 101, 1, 11]), [2, 0, 1], [0, 0]]
['org.framasoft.peertube_18', 1, [1, 1, 0, 1, 1, 0, 0, 0], 0, ([52, 14, 38], [179, 160, 1, 18]), [4, 1, 1], [0, 0]]
['com.illusionman1212.lyricsgrabbr_84', 1, [1, 0, 0, 0, 0, 0, 0, 0], 0, ([8, 0, 8], [24, 23, 0, 1]), [2, 1, 1], [0, 0]]
['nl.moeilijkedingen.jellyfinaudioplayer_33', 1, [1, 1, 0, 1, 1, 0, 0, 0], 0, ([315, 161, 154], [765, 620, 0, 145]), [46, 1, 23], [0, 0]]
['app.alextran.immich_182', 1, [1, 1, 0, 1, 1, 0, 0, 0], 0, ([563, 8, 555], [1122, 785, 1, 336]), [4, 0, 2], [0, 0]]
['com.dimowner.audiorecorder_935', 0, [0, 0, 0, 0, 0, 0, 0, 0], 0, ([0, 0, 0], [0, 0, 0, 0]), [0, 0, 0], [0, 0]]
['de.christinecoenen.code.zapp_74', 0, [0, 0, 0, 0, 0, 0, 0, 0], 0, ([0, 0, 0], [0, 0, 0, 0]), [0, 0, 0], [0, 0]]
['com.perflyst.twire_534', 1, [1, 1, 0, 1, 1, 0, 0, 0], 0, ([10, 3, 7], [25, 16, 0, 9]), [1, 0, 1], [0, 0]]
['swati4star.createpdf_110', 0, [0, 0, 0, 0, 0, 0, 0, 0], 0, ([0, 0, 0], [0, 0, 0, 0]), [0, 0, 0], [0, 0]]
['cat.jordihernandez.cinecat_1', 0, [0, 0, 0, 0, 0, 0, 0, 0], 0, ([0, 0, 0], [0, 0, 0, 0]), [0, 0, 0], [0, 0]]
['org.oxycblt.auxio_53', 1, [1, 1, 0, 1, 1, 0, 0, 0], 0, ([9, 3, 6], [26, 23, 0, 3]), [1, 1, 1], [0, 0]]
['link.standen.michael.slideshow_51', 0, [0, 0, 0, 0, 0, 0, 0, 0], 0, ([0, 0, 0], [0, 0, 0, 0]), [0, 0, 0], [0, 0]]
['de.markusfisch.android.binaryeye_141', 1, [1, 1, 0, 1, 1, 0, 0, 0], 0, ([5, 0, 5], [40, 30, 0, 10]), [1, 1, 0], [0, 0]]
['urbanstew.RehearsalAssistant_26', 0, [0, 0, 0, 0, 0, 0, 0, 0], 0, ([0, 0, 0], [0, 0, 0, 0]), [0, 0, 0], [0, 0]]
['de.monde_diplomatique.android.app.free_20200900', 1, [1, 1, 0, 1, 1, 0, 0, 0], 0, ([863, 317, 546], [2085, 1549, 0, 536]), [3, 2, 2], [0, 0]]
['uk.me.amugofjava.anytime_160', 1, [1, 1, 0, 0, 1, 0, 0, 0], 0, ([41, 4, 37], [151, 134, 1, 16]), [2, 0, 1], [0, 0]]
['org.sensors2.pd_4', 1, [1, 1, 0, 1, 1, 0, 0, 0], 0, ([48, 48, 0], [116, 113, 0, 3]), [12, 2, 2], [0, 0]]
['com.intervigil.micdroid_34', 1, [0, 1, 1, 0, 0, 0, 0, 0], 0, ([48, 43, 5], [105, 103, 0, 2]), [4, 4, 0], [0, 0]]
['miccah.mpvremote_2', 0, [0, 0, 0, 0, 0, 0, 0, 0], 0, ([0, 0, 0], [0, 0, 0, 0]), [0, 0, 0], [0, 0]]
['alt.nainapps.aer_1735160000', 1, [1, 1, 0, 1, 1, 0, 0, 0], 0, ([8, 0, 8], [24, 23, 0, 1]), [1, 0, 1], [0, 0]]
['org.libreflix.app_1', 0, [0, 0, 0, 0, 0, 0, 0, 0], 0, ([0, 0, 0], [0, 0, 0, 0]), [0, 0, 0], [0, 0]]
['com.github.libretube_59', 0, [0, 0, 0, 0, 0, 0, 0, 0], 0, ([0, 0, 0], [0, 0, 0, 0]), [0, 0, 0], [0, 0]]
['com.martinmimigames.tinymusicplayer_4', 0, [0, 0, 0, 0, 0, 0, 0, 0], 0, ([0, 0, 0], [0, 0, 0, 0]), [0, 0, 0], [0, 0]]
['com.iven.musicplayergo_187', 0, [0, 0, 0, 0, 0, 0, 0, 0], 0, ([0, 0, 0], [0, 0, 0, 0]), [0, 0, 0], [0, 0]]
['fr.nuage.souvenirs_39', 0, [0, 0, 0, 0, 0, 0, 0, 0], 0, ([0, 0, 0], [0, 0, 0, 0]), [0, 0, 0], [0, 0]]
['com.junkfood.seal_11314', 1, [0, 0, 0, 0, 1, 0, 0, 0], 0, ([83, 19, 64], [236, 235, 0, 1]), [9, 0, 2], [0, 0]]
['com.github.lamarios.clipious_40693', 1, [1, 0, 0, 0, 0, 0, 0, 0], 0, ([281, 39, 242], [543, 333, 4, 206]), [12, 2, 3], [0, 0]]
['com.tuntori.mightieramp_66', 1, [1, 1, 0, 0, 1, 0, 0, 0], 0, ([377, 29, 348], [708, 406, 10, 292]), [2, 0, 1], [0, 0]]
['io.bmaupin.pitchpipe_9', 0, [0, 0, 0, 0, 0, 0, 0, 0], 0, ([0, 0, 0], [0, 0, 0, 0]), [0, 0, 0], [0, 0]]
['info.dvkr.screenstream_41013', 1, [1, 1, 0, 1, 1, 0, 0, 0], 0, ([8, 0, 8], [24, 23, 0, 1]), [2, 1, 1], [0, 0]]
['org.jellyfin.mobile_2060299', 1, [1, 1, 0, 1, 1, 0, 0, 0], 0, ([145, 139, 6], [475, 427, 0, 48]), [2, 1, 2], [0, 0]]
['troop.com.freedcam_282', 1, [1, 1, 0, 1, 1, 0, 0, 0], 0, ([109, 4, 105], [393, 277, 0, 116]), [5, 2, 1], [0, 0]]
['fr.xplod.focal_8', 1, [0, 1, 0, 0, 0, 0, 0, 0], 0, ([21, 9, 12], [38, 38, 0, 0]), [4, 3, 3], [21, 0]]
['com.listen1.app_1', 1, [1, 1, 0, 1, 1, 0, 0, 0], 0, ([203, 113, 90], [497, 413, 0, 84]), [11, 0, 5], [0, 0]]
['cat.pantsu.nyaapantsu_3', 1, [1, 1, 1, 1, 1, 0, 0, 0], 0, ([2761, 2761, 0], [7830, 5755, 0, 2075]), [2, 1, 1], [0, 0]]
['com.googlecode.chartdroid_18', 0, [0, 0, 0, 0, 0, 0, 0, 0], 0, ([0, 0, 0], [0, 0, 0, 0]), [0, 0, 0], [0, 0]]
['ch.hsr.eyecam_81', 1, [0, 1, 1, 0, 0, 0, 0, 0], 0, ([4, 4, 0], [14, 13, 0, 1]), [1, 1, 0], [0, 0]]
['org.beide.droidgain_1', 0, [0, 0, 0, 0, 0, 0, 0, 0], 0, ([0, 0, 0], [0, 0, 0, 0]), [0, 0, 0], [0, 0]]
['org.polymorphicshade.tubular_1002', 0, [0, 0, 0, 0, 0, 0, 0, 0], 0, ([0, 0, 0], [0, 0, 0, 0]), [0, 0, 0], [0, 0]]
['com.reecedunn.espeak_22', 1, [1, 1, 0, 1, 1, 0, 0, 0], 0, ([11, 2, 9], [23, 23, 0, 0]), [1, 1, 1], [0, 0]]
['com.caydey.ffshare_22', 1, [1, 1, 0, 0, 0, 0, 0, 0], 0, ([18, 18, 0], [29, 29, 0, 0]), [18, 3, 3], [0, 0]]
['org.videolan.vlc_13050738', 1, [0, 0, 0, 0, 1, 0, 0, 0], 0, ([588, 269, 319], [1803, 1543, 0, 260]), [4, 1, 3], [0, 0]]
['com.fastebro.androidrgbtool_12', 0, [0, 0, 0, 0, 0, 0, 0, 0], 0, ([0, 0, 0], [0, 0, 0, 0]), [0, 0, 0], [0, 0]]
['io.github.devhyper.openvideoeditor_7', 1, [1, 1, 0, 1, 1, 0, 0, 0], 0, ([18, 18, 0], [29, 29, 0, 0]), [18, 4, 3], [0, 0]]
['com.freshollie.monkeyboard.keystoneradio_116', 0, [0, 0, 0, 0, 0, 0, 0, 0], 0, ([0, 0, 0], [0, 0, 0, 0]), [0, 0, 0], [0, 0]]
['com.dn0ne.lotus_1002004', 1, [0, 0, 0, 0, 1, 0, 0, 0], 0, ([250, 242, 8], [842, 694, 0, 148]), [2, 1, 2], [0, 0]]
['it.reyboz.chordshift_4', 0, [0, 0, 0, 0, 0, 0, 0, 0], 0, ([0, 0, 0], [0, 0, 0, 0]), [0, 0, 0], [0, 0]]
['github.daneren2005.dsub_208', 0, [0, 0, 0, 0, 0, 0, 0, 0], 0, ([0, 0, 0], [0, 0, 0, 0]), [0, 0, 0], [0, 0]]
['de.meonwax.soundboard_4', 0, [0, 0, 0, 0, 0, 0, 0, 0], 0, ([0, 0, 0], [0, 0, 0, 0]), [0, 0, 0], [0, 0]]
['com.w2sv.filenavigator_11', 1, [1, 1, 0, 1, 1, 0, 0, 0], 0, ([8, 0, 8], [24, 23, 0, 1]), [2, 1, 1], [0, 0]]
['org.y20k.escapepod_44', 0, [0, 0, 0, 0, 0, 0, 0, 0], 0, ([0, 0, 0], [0, 0, 0, 0]), [0, 0, 0], [0, 0]]
['com.kjxbyz.picguard_436', 1, [1, 1, 0, 1, 1, 0, 0, 0], 0, ([52, 14, 38], [179, 160, 1, 18]), [5, 2, 1], [0, 0]]
['godau.fynn.bandcampdirect_3', 0, [0, 0, 0, 0, 0, 0, 0, 0], 0, ([0, 0, 0], [0, 0, 0, 0]), [0, 0, 0], [0, 0]]
['unisiegen.photographers.activity_11', 0, [0, 0, 0, 0, 0, 0, 0, 0], 0, ([0, 0, 0], [0, 0, 0, 0]), [0, 0, 0], [0, 0]]
['allen.town.focus.mastodon_1630', 1, [1, 1, 0, 1, 1, 0, 0, 0], 0, ([3, 3, 0], [11, 3, 0, 8]), [1, 0, 1], [0, 0]]
['org.phramusca.jamuz_15', 0, [0, 0, 0, 0, 0, 0, 0, 0], 0, ([0, 0, 0], [0, 0, 0, 0]), [0, 0, 0], [0, 0]]
['felixwiemuth.lincal_13', 0, [0, 0, 0, 0, 0, 0, 0, 0], 0, ([0, 0, 0], [0, 0, 0, 0]), [0, 0, 0], [0, 0]]
['de.fff.ccgt_1151', 0, [0, 0, 0, 0, 0, 0, 0, 0], 0, ([0, 0, 0], [0, 0, 0, 0]), [0, 0, 0], [0, 0]]
['lying.fengfeng.snapsaver_7', 1, [1, 1, 0, 1, 1, 0, 0, 0], 0, ([214, 38, 176], [505, 315, 6, 184]), [3, 1, 1], [0, 0]]
['dev.danjackson.speaker_5', 0, [0, 0, 0, 0, 0, 0, 0, 0], 0, ([0, 0, 0], [0, 0, 0, 0]), [0, 0, 0], [0, 0]]
['org.stingle.photos_57', 1, [1, 1, 1, 1, 1, 1, 1, 0], 0, ([237, 72, 165], [1164, 1034, 0, 130]), [3, 2, 1], [0, 0]]
['io.github.poretsky.tuningfork_103', 0, [0, 0, 0, 0, 0, 0, 0, 0], 0, ([0, 0, 0], [0, 0, 0, 0]), [0, 0, 0], [0, 0]]
['amirz.dngprocessor_5', 0, [0, 0, 0, 0, 0, 0, 0, 0], 0, ([0, 0, 0], [0, 0, 0, 0]), [0, 0, 0], [0, 0]]
['com.mrl.pixiv_10013', 1, [1, 1, 0, 1, 1, 0, 0, 0], 0, ([8, 0, 8], [24, 23, 0, 1]), [2, 1, 1], [0, 0]]
['com.unicornsonlsd.finamp_52', 1, [1, 1, 0, 0, 1, 0, 0, 0], 0, ([42, 4, 38], [152, 135, 1, 16]), [2, 0, 1], [0, 0]]
['tech.platypush.platypush_1000100', 0, [0, 0, 0, 0, 0, 0, 0, 0], 0, ([0, 0, 0], [0, 0, 0, 0]), [0, 0, 0], [0, 0]]
['moe.martini.midictrl_4', 0, [0, 0, 0, 0, 0, 0, 0, 0], 0, ([0, 0, 0], [0, 0, 0, 0]), [0, 0, 0], [0, 0]]
['ca.ramzan.virtuosity_2', 0, [0, 0, 0, 0, 0, 0, 0, 0], 0, ([0, 0, 0], [0, 0, 0, 0]), [0, 0, 0], [0, 0]]
['atm.nasaimages_3', 0, [0, 0, 0, 0, 0, 0, 0, 0], 0, ([0, 0, 0], [0, 0, 0, 0]), [0, 0, 0], [0, 0]]
['com.example.sshtry_1', 0, [0, 0, 0, 0, 0, 0, 0, 0], 0, ([0, 0, 0], [0, 0, 0, 0]), [0, 0, 0], [0, 0]]
['net.drawpile_2020204004', 1, [0, 0, 0, 0, 1, 0, 0, 0], 0, ([100, 93, 7], [281, 261, 1, 19]), [34, 1, 4], [0, 0]]
['com.klee.volumelockr_11', 0, [0, 0, 0, 0, 0, 0, 0, 0], 0, ([0, 0, 0], [0, 0, 0, 0]), [0, 0, 0], [0, 0]]
['org.blackcandy.android_3', 1, [1, 1, 0, 1, 1, 0, 0, 0], 0, ([0, 0, 0], [0, 0, 0, 0]), [1, 1, 0], [0, 0]]
['org.mariotaku.imageviewergl_1', 0, [0, 0, 0, 0, 0, 0, 0, 0], 0, ([0, 0, 0], [0, 0, 0, 0]), [0, 0, 0], [0, 0]]
['org.gnu.itsmoroto.midandpad_5', 0, [0, 0, 0, 0, 0, 0, 0, 0], 0, ([0, 0, 0], [0, 0, 0, 0]), [0, 0, 0], [0, 0]]
['net.opendasharchive.openarchive.release_17', 0, [0, 0, 0, 0, 0, 0, 0, 0], 0, ([0, 0, 0], [0, 0, 0, 0]), [0, 0, 0], [0, 0]]
['co.appreactor.news_24', 1, [1, 1, 0, 1, 1, 0, 0, 0], 0, ([61, 61, 0], [200, 197, 0, 3]), [1, 0, 1], [0, 0]]
['rocks.mm_dev.BendyStraw_33', 1, [1, 0, 0, 0, 0, 0, 0, 0], 0, ([41, 4, 37], [151, 134, 1, 16]), [3, 0, 1], [0, 0]]
['de.k3b.android.camerafolder_4', 0, [0, 0, 0, 0, 0, 0, 0, 0], 0, ([0, 0, 0], [0, 0, 0, 0]), [0, 0, 0], [0, 0]]
['mkg20001.net.samremote_10100', 0, [0, 0, 0, 0, 0, 0, 0, 0], 0, ([0, 0, 0], [0, 0, 0, 0]), [0, 0, 0], [0, 0]]
['raffarti.simpleadvancedmetronome_2', 1, [1, 1, 0, 0, 0, 0, 0, 0], 0, ([97, 90, 7], [275, 255, 1, 19]), [103, 2, 8], [0, 0]]
['de.badaix.snapcast_2901', 1, [1, 1, 0, 1, 1, 0, 0, 0], 0, ([0, 0, 0], [0, 0, 0, 0]), [1, 0, 0], [0, 0]]
['dev.jdtech.jellyfin_29', 1, [1, 0, 0, 0, 0, 0, 0, 0], 0, ([33, 19, 14], [85, 73, 1, 11]), [13, 2, 2], [0, 0]]
['com.skyd.anivu_25', 1, [1, 0, 0, 0, 0, 0, 0, 0], 0, ([3666, 3658, 8], [10948, 7914, 1, 3033]), [15, 3, 1], [0, 0]]
['org.joinmastodon.android.moshinda_108', 0, [0, 0, 0, 0, 0, 0, 0, 0], 0, ([0, 0, 0], [0, 0, 0, 0]), [0, 0, 0], [0, 0]]
['com.dosse.airpods_23', 0, [0, 0, 0, 0, 0, 0, 0, 0], 0, ([0, 0, 0], [0, 0, 0, 0]), [0, 0, 0], [0, 0]]
['net.bitplane.android.microphone_7', 0, [0, 0, 0, 0, 0, 0, 0, 0], 0, ([0, 0, 0], [0, 0, 0, 0]), [0, 0, 0], [0, 0]]
['io.github.antoinepirlot.satunes_67', 1, [1, 1, 0, 1, 1, 0, 0, 0], 0, ([0, 0, 0], [0, 0, 0, 0]), [1, 1, 0], [0, 0]]
['com.funkymuse.aurora_4', 0, [0, 0, 0, 0, 0, 0, 0, 0], 0, ([0, 0, 0], [0, 0, 0, 0]), [0, 0, 0], [0, 0]]
['dev.danjackson.noisecancel_5', 0, [0, 0, 0, 0, 0, 0, 0, 0], 0, ([0, 0, 0], [0, 0, 0, 0]), [0, 0, 0], [0, 0]]
['org.easyear_19', 1, [1, 1, 0, 1, 1, 0, 0, 0], 0, ([190, 129, 61], [497, 419, 0, 78]), [27, 0, 13], [0, 0]]
['ir.mrahimy.conceal_5', 0, [0, 0, 0, 0, 0, 0, 0, 0], 0, ([0, 0, 0], [0, 0, 0, 0]), [0, 0, 0], [0, 0]]
['com.ztftrue.music_44', 1, [1, 1, 0, 1, 1, 0, 0, 0], 0, ([8, 0, 8], [24, 23, 0, 1]), [1, 0, 1], [0, 0]]
['org.moire.ultrasonic_130', 0, [0, 0, 0, 0, 0, 0, 0, 0], 0, ([0, 0, 0], [0, 0, 0, 0]), [0, 0, 0], [0, 0]]
['org.billthefarmer.tuner_156', 0, [0, 0, 0, 0, 0, 0, 0, 0], 0, ([0, 0, 0], [0, 0, 0, 0]), [0, 0, 0], [0, 0]]
['com.gmail.mugcuposup.android_1', 0, [0, 0, 0, 0, 0, 0, 0, 0], 0, ([0, 0, 0], [0, 0, 0, 0]), [0, 0, 0], [0, 0]]
['org.billthefarmer.melodeon_119', 1, [1, 1, 0, 1, 1, 0, 0, 0], 0, ([6, 0, 6], [9, 9, 0, 0]), [3, 1, 0], [0, 0]]
['io.github.leonidius20.recorder.lite_7', 0, [0, 0, 0, 0, 0, 0, 0, 0], 0, ([0, 0, 0], [0, 0, 0, 0]), [0, 0, 0], [0, 0]]
['org.sensors2.osc_11', 0, [0, 0, 0, 0, 0, 0, 0, 0], 0, ([0, 0, 0], [0, 0, 0, 0]), [0, 0, 0], [0, 0]]
['io.github.drumber.kitsune_37', 1, [1, 1, 0, 1, 1, 0, 0, 0], 0, ([8, 0, 8], [24, 23, 0, 1]), [1, 0, 1], [0, 0]]
['hu.tagsoft.ttorrent.search_3', 0, [0, 0, 0, 0, 0, 0, 0, 0], 0, ([0, 0, 0], [0, 0, 0, 0]), [0, 0, 0], [0, 0]]
['us.spotco.ir_remote_1710', 0, [0, 0, 0, 0, 0, 0, 0, 0], 0, ([0, 0, 0], [0, 0, 0, 0]), [0, 0, 0], [0, 0]]
['de.onyxbits.photobookmark_2', 0, [0, 0, 0, 0, 0, 0, 0, 0], 0, ([0, 0, 0], [0, 0, 0, 0]), [0, 0, 0], [0, 0]]
['io.github.teccheck.fastlyrics_11', 0, [0, 0, 0, 0, 0, 0, 0, 0], 0, ([0, 0, 0], [0, 0, 0, 0]), [0, 0, 0], [0, 0]]
['com.quaap.audiometer_3', 0, [0, 0, 0, 0, 0, 0, 0, 0], 0, ([0, 0, 0], [0, 0, 0, 0]), [0, 0, 0], [0, 0]]
['com.simplified.wsstatussaver_117', 0, [0, 0, 0, 0, 0, 0, 0, 0], 0, ([0, 0, 0], [0, 0, 0, 0]), [0, 0, 0], [0, 0]]
['com.subtracks_9', 1, [1, 1, 0, 1, 1, 0, 0, 0], 0, ([228, 133, 95], [593, 494, 0, 99]), [63, 1, 16], [0, 0]]
['org.libre.agosto.p2play_13', 0, [0, 0, 0, 0, 0, 0, 0, 0], 0, ([0, 0, 0], [0, 0, 0, 0]), [0, 0, 0], [0, 0]]
['org.codeberg.genericpers0n.soundrecorderplus_111', 0, [0, 0, 0, 0, 0, 0, 0, 0], 0, ([0, 0, 0], [0, 0, 0, 0]), [0, 0, 0], [0, 0]]
['com.mrsep.musicrecognizer_27', 1, [1, 1, 0, 1, 1, 0, 0, 0], 0, ([8, 0, 8], [24, 23, 0, 1]), [2, 1, 1], [0, 0]]
['pk.contender.earmouse_30', 0, [0, 0, 0, 0, 0, 0, 0, 0], 0, ([0, 0, 0], [0, 0, 0, 0]), [0, 0, 0], [0, 0]]
['de.Cherubin7th.blackscreenpresentationremote_2', 0, [0, 0, 0, 0, 0, 0, 0, 0], 0, ([0, 0, 0], [0, 0, 0, 0]), [0, 0, 0], [0, 0]]
['com.github.ashutoshgngwr.noice_72', 0, [0, 0, 0, 0, 0, 0, 0, 0], 0, ([0, 0, 0], [0, 0, 0, 0]), [0, 0, 0], [0, 0]]
['com.cappielloantonio.notquitemy.tempo_25', 0, [0, 0, 0, 0, 0, 0, 0, 0], 0, ([0, 0, 0], [0, 0, 0, 0]), [0, 0, 0], [0, 0]]
['org.xbmc.kodi_2101001', 1, [1, 0, 0, 0, 0, 0, 0, 0], 0, ([55, 0, 55], [116, 92, 2, 22]), [62, 0, 1], [0, 0]]
['code.name.monkey.retromusic_10621', 0, [0, 0, 0, 0, 0, 0, 0, 0], 0, ([0, 0, 0], [0, 0, 0, 0]), [0, 0, 0], [0, 0]]
['eu.mrogalski.saidit_14', 0, [0, 0, 0, 0, 0, 0, 0, 0], 0, ([0, 0, 0], [0, 0, 0, 0]), [0, 0, 0], [0, 0]]
['ro.ciubex.dscautorename_103', 0, [0, 0, 0, 0, 0, 0, 0, 0], 0, ([0, 0, 0], [0, 0, 0, 0]), [0, 0, 0], [0, 0]]
['org.tunesremote_253', 0, [0, 0, 0, 0, 0, 0, 0, 0], 0, ([0, 0, 0], [0, 0, 0, 0]), [0, 0, 0], [0, 0]]
['tkj.android.homecontrol.mythmote_3014', 0, [0, 0, 0, 0, 0, 0, 0, 0], 0, ([0, 0, 0], [0, 0, 0, 0]), [0, 0, 0], [0, 0]]
['com.falconware.prestissimo_11', 1, [0, 1, 1, 0, 0, 0, 0, 0], 0, ([20, 0, 20], [52, 52, 0, 0]), [1, 1, 0], [0, 0]]
['de.danoeh.antennapod_3060195', 1, [1, 1, 0, 1, 1, 0, 0, 0], 0, ([288, 288, 0], [940, 715, 0, 225]), [1, 0, 1], [0, 0]]
['us.materialio.app_73', 1, [1, 1, 0, 0, 1, 0, 0, 0], 0, ([2, 0, 2], [7, 6, 0, 1]), [3, 1, 0], [0, 0]]
['com.mustupid.pitch_pipe_1', 0, [0, 0, 0, 0, 0, 0, 0, 0], 0, ([0, 0, 0], [0, 0, 0, 0]), [0, 0, 0], [0, 0]]
['net.sf.ethersynth_100', 0, [0, 0, 0, 0, 0, 0, 0, 0], 0, ([0, 0, 0], [0, 0, 0, 0]), [0, 0, 0], [0, 0]]
['com.dngames.mobilewebcam_118', 0, [0, 0, 0, 0, 0, 0, 0, 0], 0, ([0, 0, 0], [0, 0, 0, 0]), [0, 0, 0], [0, 0]]
['com.perol.asdpl.play.pixivez.libre_118', 1, [1, 1, 1, 1, 1, 1, 1, 0], 0, ([85, 19, 66], [246, 243, 0, 3]), [2, 1, 1], [0, 0]]
['uk.ac.cam.cl.dtg.android.barcodebox_4', 0, [0, 0, 0, 0, 0, 0, 0, 0], 0, ([0, 0, 0], [0, 0, 0, 0]), [0, 0, 0], [0, 0]]
['audio.omgsoundboard_11', 0, [0, 0, 0, 0, 0, 0, 0, 0], 0, ([0, 0, 0], [0, 0, 0, 0]), [0, 0, 0], [0, 0]]
['com.poppingmoon.aria_443', 1, [1, 0, 0, 0, 0, 0, 0, 0], 0, ([315, 36, 279], [609, 340, 6, 263]), [3, 0, 1], [0, 0]]
['org.billthefarmer.scope_138', 0, [0, 0, 0, 0, 0, 0, 0, 0], 0, ([0, 0, 0], [0, 0, 0, 0]), [0, 0, 0], [0, 0]]
['com.selbie.wrek_9', 0, [0, 0, 0, 0, 0, 0, 0, 0], 0, ([0, 0, 0], [0, 0, 0, 0]), [0, 0, 0], [0, 0]]
['pl.hypeapp.endoscope_5', 0, [0, 0, 0, 0, 0, 0, 0, 0], 0, ([0, 0, 0], [0, 0, 0, 0]), [0, 0, 0], [0, 0]]
['com.poupa.vinylmusicplayer_202', 0, [0, 0, 0, 0, 0, 0, 0, 0], 0, ([0, 0, 0], [0, 0, 0, 0]), [0, 0, 0], [0, 0]]
['io.github.snd_r.komelia_5', 1, [1, 1, 0, 1, 1, 0, 0, 0], 0, ([92, 8, 84], [239, 203, 0, 36]), [36, 4, 2], [0, 0]]
['com.brillenheini.deepscratch.free_3', 0, [0, 0, 0, 0, 0, 0, 0, 0], 0, ([0, 0, 0], [0, 0, 0, 0]), [0, 0, 0], [0, 0]]
['geddit.buzl.uk_7', 0, [0, 0, 0, 0, 0, 0, 0, 0], 0, ([0, 0, 0], [0, 0, 0, 0]), [0, 0, 0], [0, 0]]
['com.mattallen.dpixel_1', 0, [0, 0, 0, 0, 0, 0, 0, 0], 0, ([0, 0, 0], [0, 0, 0, 0]), [0, 0, 0], [0, 0]]
['org.fossify.musicplayer_1', 0, [0, 0, 0, 0, 0, 0, 0, 0], 0, ([0, 0, 0], [0, 0, 0, 0]), [0, 0, 0], [0, 0]]
['org.secuso.privacyfriendlytapemeasure_5', 0, [0, 0, 0, 0, 0, 0, 0, 0], 0, ([0, 0, 0], [0, 0, 0, 0]), [0, 0, 0], [0, 0]]
['luci.sixsixsix.powerampache2.fdroid_76', 1, [1, 1, 0, 1, 1, 0, 0, 0], 0, ([8, 0, 8], [24, 23, 0, 1]), [1, 0, 1], [0, 0]]
['com.dozingcatsoftware.cameratimer_6', 0, [0, 0, 0, 0, 0, 0, 0, 0], 0, ([0, 0, 0], [0, 0, 0, 0]), [0, 0, 0], [0, 0]]
['com.mkulesh.onpc_47', 0, [0, 0, 0, 0, 0, 0, 0, 0], 0, ([0, 0, 0], [0, 0, 0, 0]), [0, 0, 0], [0, 0]]
['com.opencamera_sensors.app_81', 0, [0, 0, 0, 0, 0, 0, 0, 0], 0, ([0, 0, 0], [0, 0, 0, 0]), [0, 0, 0], [0, 0]]
['net.programmierecke.radiodroid2_96', 0, [0, 0, 0, 0, 0, 0, 0, 0], 0, ([0, 0, 0], [0, 0, 0, 0]), [0, 0, 0], [0, 0]]
['ir.remote.edifier.rc10e_1', 0, [0, 0, 0, 0, 0, 0, 0, 0], 0, ([0, 0, 0], [0, 0, 0, 0]), [0, 0, 0], [0, 0]]
['com.nicolasbrailo.vlcfreemote_15', 0, [0, 0, 0, 0, 0, 0, 0, 0], 0, ([0, 0, 0], [0, 0, 0, 0]), [0, 0, 0], [0, 0]]
['org.schabi.svgredirect_1', 0, [0, 0, 0, 0, 0, 0, 0, 0], 0, ([0, 0, 0], [0, 0, 0, 0]), [0, 0, 0], [0, 0]]
['com.tioui.opensound_5', 0, [0, 0, 0, 0, 0, 0, 0, 0], 0, ([0, 0, 0], [0, 0, 0, 0]), [0, 0, 0], [0, 0]]
['humer.uvc_camera_124', 1, [1, 1, 1, 1, 1, 1, 1, 0], 0, ([80, 69, 11], [346, 276, 0, 70]), [7, 2, 1], [0, 0]]
['org.woheller69.TimeLapseCam_18', 0, [0, 0, 0, 0, 0, 0, 0, 0], 0, ([0, 0, 0], [0, 0, 0, 0]), [0, 0, 0], [0, 0]]
['uk.org.ngo.squeezer_141', 0, [0, 0, 0, 0, 0, 0, 0, 0], 0, ([0, 0, 0], [0, 0, 0, 0]), [0, 0, 0], [0, 0]]
['github.paroj.dsub2000_209', 0, [0, 0, 0, 0, 0, 0, 0, 0], 0, ([0, 0, 0], [0, 0, 0, 0]), [0, 0, 0], [0, 0]]
['com.roozen.SoundManagerv2_19', 0, [0, 0, 0, 0, 0, 0, 0, 0], 0, ([0, 0, 0], [0, 0, 0, 0]), [0, 0, 0], [0, 0]]
['com.atharok.barcodescanner_45', 1, [1, 1, 0, 1, 1, 0, 0, 0], 0, ([6, 6, 0], [67, 46, 0, 21]), [2, 2, 0], [0, 0]]
['com.hardcodecoder.pulsemusic_210040201', 0, [0, 0, 0, 0, 0, 0, 0, 0], 0, ([0, 0, 0], [0, 0, 0, 0]), [0, 0, 0], [0, 0]]
['ch.blinkenlights.android.vanilla_13200', 0, [0, 0, 0, 0, 0, 0, 0, 0], 0, ([74, 9, 65], [123, 55, 3, 65]), [0, 0, 0], [0, 0]]
['com.radiostudent.radiostudentstream_2', 0, [0, 0, 0, 0, 0, 0, 0, 0], 0, ([0, 0, 0], [0, 0, 0, 0]), [0, 0, 0], [0, 0]]
['com.mateusrodcosta.apps.vidyamusic_1504', 1, [0, 0, 0, 0, 1, 0, 0, 0], 0, ([41, 4, 37], [151, 134, 1, 16]), [2, 0, 1], [0, 0]]
['com.templaro.opsiz.aka_10', 0, [0, 0, 0, 0, 0, 0, 0, 0], 0, ([0, 0, 0], [0, 0, 0, 0]), [0, 0, 0], [0, 0]]
['de.jurihock.voicesmith_12', 1, [0, 1, 1, 1, 0, 1, 0, 0], 0, ([23, 13, 10], [67, 67, 0, 0]), [1, 1, 0], [0, 0]]
['com.workingagenda.fissure_5', 0, [0, 0, 0, 0, 0, 0, 0, 0], 0, ([0, 0, 0], [0, 0, 0, 0]), [0, 0, 0], [0, 0]]
['se.embargo.retroboy_44', 0, [0, 0, 0, 0, 0, 0, 0, 0], 0, ([0, 0, 0], [0, 0, 0, 0]), [0, 0, 0], [0, 0]]
['com.noxplay.noxplayer_38604', 1, [0, 0, 0, 0, 1, 0, 0, 0], 0, ([569, 238, 331], [1257, 1012, 0, 245]), [31, 7, 16], [0, 0]]
['ch.mydoli.focal_1', 0, [0, 0, 0, 0, 0, 0, 0, 0], 0, ([0, 0, 0], [0, 0, 0, 0]), [0, 0, 0], [0, 0]]
['io.github.muntashirakon.Music_10603', 0, [0, 0, 0, 0, 0, 0, 0, 0], 0, ([0, 0, 0], [0, 0, 0, 0]), [0, 0, 0], [0, 0]]
['soko.ekibun.stitch_30', 1, [1, 1, 0, 1, 1, 0, 0, 0], 0, ([2, 0, 2], [10, 6, 0, 4]), [1, 1, 0], [0, 0]]
['com.example.barcodescanner_13', 0, [0, 0, 0, 0, 0, 0, 0, 0], 0, ([0, 0, 0], [0, 0, 0, 0]), [0, 0, 0], [0, 0]]
['de.antonarnold.android.xoverrideheadphonejackdetection_5', 0, [0, 0, 0, 0, 0, 0, 0, 0], 0, ([0, 0, 0], [0, 0, 0, 0]), [0, 0, 0], [0, 0]]
['ee.ioc.phon.android.speak_1916', 0, [0, 0, 0, 0, 0, 0, 0, 0], 0, ([0, 0, 0], [0, 0, 0, 0]), [0, 0, 0], [0, 0]]
['mixedbit.speechtrainer_5', 0, [0, 0, 0, 0, 0, 0, 0, 0], 0, ([0, 0, 0], [0, 0, 0, 0]), [0, 0, 0], [0, 0]]
['com.axiel7.anihyou_78', 1, [1, 1, 0, 1, 1, 0, 0, 0], 0, ([8, 0, 8], [24, 23, 0, 1]), [2, 1, 1], [0, 0]]
['com.dkanada.gramophone_18', 0, [0, 0, 0, 0, 0, 0, 0, 0], 0, ([0, 0, 0], [0, 0, 0, 0]), [0, 0, 0], [0, 0]]
['io.github.mkckr0.audio_share_app_3002', 1, [1, 1, 0, 1, 1, 0, 0, 0], 0, ([8, 0, 8], [24, 23, 0, 1]), [2, 1, 1], [0, 0]]
['com.example.muzei.muzeiapod_5', 0, [0, 0, 0, 0, 0, 0, 0, 0], 0, ([0, 0, 0], [0, 0, 0, 0]), [0, 0, 0], [0, 0]]
['com.cg.lrceditor_56', 0, [0, 0, 0, 0, 0, 0, 0, 0], 0, ([0, 0, 0], [0, 0, 0, 0]), [0, 0, 0], [0, 0]]
['com.movietrivia.filmfacts_2', 1, [1, 1, 0, 1, 1, 0, 0, 0], 0, ([0, 0, 0], [0, 0, 0, 0]), [1, 1, 0], [0, 0]]
['com.vadimfrolov.duorem_6', 0, [0, 0, 0, 0, 0, 0, 0, 0], 0, ([0, 0, 0], [0, 0, 0, 0]), [0, 0, 0], [0, 0]]
['info.schnatterer.nusic_24', 0, [0, 0, 0, 0, 0, 0, 0, 0], 0, ([15, 0, 15], [35, 35, 0, 0]), [0, 0, 0], [0, 0]]
['com.wirelessalien.android.moviedb_9', 0, [0, 0, 0, 0, 0, 0, 0, 0], 0, ([0, 0, 0], [0, 0, 0, 0]), [0, 0, 0], [0, 0]]
['com.m3u.androidApp_143', 1, [1, 1, 0, 1, 1, 0, 0, 0], 0, ([237, 213, 24], [686, 658, 0, 28]), [7, 2, 2], [0, 0]]
['net.chilon.matt.teacup_8', 0, [0, 0, 0, 0, 0, 0, 0, 0], 0, ([0, 0, 0], [0, 0, 0, 0]), [0, 0, 0], [0, 0]]
['se.arctosoft.vault_37', 0, [0, 0, 0, 0, 0, 0, 0, 0], 0, ([0, 0, 0], [0, 0, 0, 0]), [0, 0, 0], [0, 0]]
['de.kromke.andreas.safmediascanner_14', 1, [1, 1, 0, 1, 1, 0, 0, 0], 0, ([1, 0, 1], [7, 7, 0, 0]), [1, 1, 0], [0, 0]]
['free.rm.skytube.oss_53', 0, [0, 0, 0, 0, 0, 0, 0, 0], 0, ([0, 0, 0], [0, 0, 0, 0]), [0, 0, 0], [0, 0]]
['rocks.mucke_123', 1, [1, 0, 0, 0, 0, 0, 0, 0], 0, ([326, 20, 306], [614, 362, 17, 235]), [4, 0, 1], [0, 0]]
['org.bitbucket.tickytacky.mirrormirror_5', 0, [0, 0, 0, 0, 0, 0, 0, 0], 0, ([0, 0, 0], [0, 0, 0, 0]), [0, 0, 0], [0, 0]]
['me.echeung.moemoekyun.fdroid_209', 1, [1, 1, 0, 1, 1, 0, 0, 0], 0, ([8, 0, 8], [24, 23, 0, 1]), [1, 0, 1], [0, 0]]
['com.midisheetmusic_8', 0, [0, 0, 0, 0, 0, 0, 0, 0], 0, ([0, 0, 0], [0, 0, 0, 0]), [0, 0, 0], [0, 0]]
['de.live.gdev.cherrymusic_14', 0, [0, 0, 0, 0, 0, 0, 0, 0], 0, ([0, 0, 0], [0, 0, 0, 0]), [0, 0, 0], [0, 0]]
['com.imcys.bilibilias_207', 1, [1, 0, 0, 0, 1, 0, 0, 0], 0, ([101, 20, 81], [264, 262, 0, 2]), [5, 2, 4], [0, 0]]
['org.github.henryquan.animeone_118', 1, [1, 1, 0, 0, 1, 0, 0, 0], 0, ([38, 4, 34], [143, 127, 1, 15]), [2, 0, 1], [0, 0]]
['com.craigd.lmsmaterial.app_804', 0, [0, 0, 0, 0, 0, 0, 0, 0], 0, ([0, 0, 0], [0, 0, 0, 0]), [0, 0, 0], [0, 0]]
['it.zitzusoft.lyrics_2_27', 1, [1, 1, 0, 0, 1, 0, 0, 0], 0, ([38, 4, 34], [143, 127, 1, 15]), [2, 0, 1], [0, 0]]
['com.github.livingwithhippos.unchained_49', 1, [1, 1, 0, 1, 1, 0, 0, 0], 0, ([0, 0, 0], [0, 0, 0, 0]), [1, 1, 0], [0, 0]]
['com.lun.chin.aicamera_1', 1, [1, 1, 0, 0, 0, 0, 0, 0], 0, ([2165, 2165, 0], [9987, 9966, 0, 21]), [2, 2, 1], [0, 0]]
['com.atul.musicplayer_16', 0, [0, 0, 0, 0, 0, 0, 0, 0], 0, ([105, 21, 84], [179, 82, 4, 93]), [0, 0, 0], [0, 0]]
['org.nuclearfog.apollo_55', 0, [0, 0, 0, 0, 0, 0, 0, 0], 0, ([0, 0, 0], [0, 0, 0, 0]), [0, 0, 0], [0, 0]]
['com.jvillalba.apod.md_11', 0, [0, 0, 0, 0, 0, 0, 0, 0], 0, ([0, 0, 0], [0, 0, 0, 0]), [0, 0, 0], [0, 0]]
['com.kanedias.vanilla.lyrics_13', 0, [0, 0, 0, 0, 0, 0, 0, 0], 0, ([0, 0, 0], [0, 0, 0, 0]), [0, 0, 0], [0, 0]]
['de.computerelite.shockalarm_10', 1, [1, 1, 0, 0, 1, 0, 0, 0], 0, ([42, 4, 38], [152, 135, 1, 16]), [2, 0, 1], [0, 0]]
['cz.martykan.webtube_17', 0, [0, 0, 0, 0, 0, 0, 0, 0], 0, ([0, 0, 0], [0, 0, 0, 0]), [0, 0, 0], [0, 0]]
['ua.com.radiokot.photoprism_49', 0, [0, 0, 0, 0, 0, 0, 0, 0], 0, ([0, 0, 0], [0, 0, 0, 0]), [0, 0, 0], [0, 0]]
['com.alexkang.loopboard_20', 0, [0, 0, 0, 0, 0, 0, 0, 0], 0, ([0, 0, 0], [0, 0, 0, 0]), [0, 0, 0], [0, 0]]
['com.agateau.catgenerator_3', 0, [0, 0, 0, 0, 0, 0, 0, 0], 0, ([0, 0, 0], [0, 0, 0, 0]), [0, 0, 0], [0, 0]]
['org.secuso.privacyfriendlyruler_5', 0, [0, 0, 0, 0, 0, 0, 0, 0], 0, ([0, 0, 0], [0, 0, 0, 0]), [0, 0, 0], [0, 0]]
['com.cleveroad.sample_1', 1, [0, 1, 0, 1, 0, 1, 0, 0], 0, ([0, 0, 0], [0, 0, 0, 0]), [3, 0, 1], [0, 0]]
['agrigolo.chubbyclick_25', 0, [0, 0, 0, 0, 0, 0, 0, 0], 0, ([0, 0, 0], [0, 0, 0, 0]), [0, 0, 0], [0, 0]]
['io.github.benoitduffez.cupsprint_1050099', 0, [0, 0, 0, 0, 0, 0, 0, 0], 0, ([0, 0, 0], [0, 0, 0, 0]), [0, 0, 0], [0, 0]]
['de.ph1b.audiobook_3603034', 1, [1, 1, 0, 1, 1, 0, 0, 0], 0, ([18, 18, 0], [29, 29, 0, 0]), [18, 3, 3], [0, 0]]
['us.achromaticmetaphor.imcktg_12', 0, [0, 0, 0, 0, 0, 0, 0, 0], 0, ([0, 0, 0], [0, 0, 0, 0]), [0, 0, 0], [0, 0]]
['vnd.blueararat.kaleidoscope6_21', 0, [0, 0, 0, 0, 0, 0, 0, 0], 0, ([0, 0, 0], [0, 0, 0, 0]), [0, 0, 0], [0, 0]]
['com.nima.demomusix_1', 0, [0, 0, 0, 0, 0, 0, 0, 0], 0, ([0, 0, 0], [0, 0, 0, 0]), [0, 0, 0], [0, 0]]
['jpf.android.magiadni_10', 0, [0, 0, 0, 0, 0, 0, 0, 0], 0, ([0, 0, 0], [0, 0, 0, 0]), [0, 0, 0], [0, 0]]
['nl.sonck.streamplayer_23', 0, [0, 0, 0, 0, 0, 0, 0, 0], 0, ([0, 0, 0], [0, 0, 0, 0]), [0, 0, 0], [0, 0]]
['InfinityLoop1309.NewPipeEnhanced_106404', 1, [1, 0, 0, 0, 0, 0, 0, 0], 0, ([229, 46, 183], [412, 205, 5, 202]), [11, 2, 2], [0, 0]]
['com.github.niccokunzmann.hanumanchalisa_8', 0, [0, 0, 0, 0, 0, 0, 0, 0], 0, ([0, 0, 0], [0, 0, 0, 0]), [0, 0, 0], [0, 0]]
['me.murks.filmchecker_21', 0, [0, 0, 0, 0, 0, 0, 0, 0], 0, ([0, 0, 0], [0, 0, 0, 0]), [0, 0, 0], [0, 0]]
['org.dyndns.warenix.web2pdf_70', 0, [0, 0, 0, 0, 0, 0, 0, 0], 0, ([0, 0, 0], [0, 0, 0, 0]), [0, 0, 0], [0, 0]]
['me.timschneeberger.rootlessjamesdsp_50', 1, [1, 1, 0, 1, 1, 0, 0, 0], 0, ([35, 0, 35], [151, 149, 0, 2]), [4, 2, 1], [0, 0]]
['com.xperia64.timidityae_96', 1, [1, 1, 0, 1, 1, 0, 0, 0], 0, ([15, 15, 0], [42, 42, 0, 0]), [3, 2, 1], [0, 0]]
['akk.astro.droid.moonphase_2', 0, [0, 0, 0, 0, 0, 0, 0, 0], 0, ([0, 0, 0], [0, 0, 0, 0]), [0, 0, 0], [0, 0]]
['nl.asymmetrics.droidshows_71110', 0, [0, 0, 0, 0, 0, 0, 0, 0], 0, ([0, 0, 0], [0, 0, 0, 0]), [0, 0, 0], [0, 0]]
['org.schabi.nxbookmarks_24', 0, [0, 0, 0, 0, 0, 0, 0, 0], 0, ([0, 0, 0], [0, 0, 0, 0]), [0, 0, 0], [0, 0]]
['com.fredhappyface.ewesticker_20240825', 0, [0, 0, 0, 0, 0, 0, 0, 0], 0, ([0, 0, 0], [0, 0, 0, 0]), [0, 0, 0], [0, 0]]
['com.utazukin.ichaival_46', 1, [1, 1, 0, 1, 1, 0, 0, 0], 0, ([19, 11, 8], [58, 49, 0, 9]), [2, 1, 2], [0, 0]]
['org.andresoviedo.dddmodel2_36', 0, [0, 0, 0, 0, 0, 0, 0, 0], 0, ([0, 0, 0], [0, 0, 0, 0]), [0, 0, 0], [0, 0]]
['de.phoenixstudios.pc_dimmer_5', 0, [0, 0, 0, 0, 0, 0, 0, 0], 0, ([0, 0, 0], [0, 0, 0, 0]), [0, 0, 0], [0, 0]]
['cc.echonet.coolmicapp_10300', 1, [1, 1, 0, 1, 1, 0, 0, 0], 0, ([10, 0, 10], [35, 33, 0, 2]), [9, 1, 0], [0, 0]]
['org.joinmastodon.android_133', 0, [0, 0, 0, 0, 0, 0, 0, 0], 0, ([0, 0, 0], [0, 0, 0, 0]), [0, 0, 0], [0, 0]]
['com.luk.saucenao_26', 1, [1, 1, 0, 1, 1, 0, 0, 0], 0, ([8, 0, 8], [24, 23, 0, 1]), [1, 0, 1], [0, 0]]
['org.kaziprst.android.ndfilter_3', 0, [0, 0, 0, 0, 0, 0, 0, 0], 0, ([0, 0, 0], [0, 0, 0, 0]), [0, 0, 0], [0, 0]]
['org.woheller69.audio_analyzer_for_android_270', 0, [0, 0, 0, 0, 0, 0, 0, 0], 0, ([0, 0, 0], [0, 0, 0, 0]), [0, 0, 0], [0, 0]]
['com.github.andreyasadchy.xtra_274', 1, [1, 1, 0, 1, 1, 0, 0, 0], 0, ([10, 3, 7], [25, 16, 0, 9]), [1, 0, 1], [0, 0]]
['de.thefeiter.liedgutverzeichnis_76', 0, [0, 0, 0, 0, 0, 0, 0, 0], 0, ([0, 0, 0], [0, 0, 0, 0]), [0, 0, 0], [0, 0]]
['org.schabi.jedentageinset_30', 0, [0, 0, 0, 0, 0, 0, 0, 0], 0, ([0, 0, 0], [0, 0, 0, 0]), [0, 0, 0], [0, 0]]
['com.jesperh.showyoutubedislikes_10', 0, [0, 0, 0, 0, 0, 0, 0, 0], 0, ([0, 0, 0], [0, 0, 0, 0]), [0, 0, 0], [0, 0]]
['net.rocboronat.android.wallpaper.npe_3', 0, [0, 0, 0, 0, 0, 0, 0, 0], 0, ([0, 0, 0], [0, 0, 0, 0]), [0, 0, 0], [0, 0]]
['org.okfn.pod_13', 0, [0, 0, 0, 0, 0, 0, 0, 0], 0, ([0, 0, 0], [0, 0, 0, 0]), [0, 0, 0], [0, 0]]
['com.brouken.player_1804', 1, [1, 0, 0, 0, 0, 0, 0, 0], 0, ([43, 21, 22], [98, 88, 0, 10]), [13, 5, 5], [0, 0]]
['miru.miaomint_39', 1, [1, 1, 0, 1, 1, 0, 0, 0], 0, ([46, 9, 37], [162, 143, 2, 17]), [7, 1, 1], [0, 0]]
['org.bottiger.podcast_424', 1, [0, 1, 0, 1, 0, 0, 0, 0], 0, ([76, 49, 27], [229, 226, 0, 3]), [7, 1, 2], [0, 0]]
['io.github.chrisimx.scanbridge_1001000', 1, [1, 1, 0, 1, 1, 0, 0, 0], 0, ([8, 0, 8], [24, 23, 0, 1]), [1, 0, 1], [0, 0]]
['com.flipcamera_1', 0, [0, 0, 0, 0, 0, 0, 0, 0], 0, ([0, 0, 0], [0, 0, 0, 0]), [0, 0, 0], [0, 0]]
['org.fossify.gallery_9', 1, [1, 1, 0, 1, 1, 0, 0, 0], 0, ([69, 22, 47], [239, 211, 0, 28]), [13, 4, 4], [0, 0]]
['org.billthefarmer.siggen_136', 0, [0, 0, 0, 0, 0, 0, 0, 0], 0, ([0, 0, 0], [0, 0, 0, 0]), [0, 0, 0], [0, 0]]
['fr.dzx.audiosource_4', 0, [0, 0, 0, 0, 0, 0, 0, 0], 0, ([0, 0, 0], [0, 0, 0, 0]), [0, 0, 0], [0, 0]]
['org.herac.tuxguitar.android.application_1821', 0, [0, 0, 0, 0, 0, 0, 0, 0], 0, ([0, 0, 0], [0, 0, 0, 0]), [0, 0, 0], [0, 0]]
['org.gateshipone.odyssey_41', 0, [0, 0, 0, 0, 0, 0, 0, 0], 0, ([0, 0, 0], [0, 0, 0, 0]), [0, 0, 0], [0, 0]]
['de.kromke.andreas.cameradatefolders_9', 0, [0, 0, 0, 0, 0, 0, 0, 0], 0, ([0, 0, 0], [0, 0, 0, 0]), [0, 0, 0], [0, 0]]
['dk.nindroid.rss_119', 0, [0, 0, 0, 0, 0, 0, 0, 0], 0, ([0, 0, 0], [0, 0, 0, 0]), [0, 0, 0], [0, 0]]
['org.savapage.android.print_1', 0, [0, 0, 0, 0, 0, 0, 0, 0], 0, ([0, 0, 0], [0, 0, 0, 0]), [0, 0, 0], [0, 0]]
['ie.delilahsthings.soothingloop_9', 0, [0, 0, 0, 0, 0, 0, 0, 0], 0, ([0, 0, 0], [0, 0, 0, 0]), [0, 0, 0], [0, 0]]
['com.soyblue.bluesound_10', 0, [0, 0, 0, 0, 0, 0, 0, 0], 0, ([0, 0, 0], [0, 0, 0, 0]), [0, 0, 0], [0, 0]]
['la.daube.photochiotte_59', 1, [1, 1, 0, 1, 1, 0, 0, 0], 0, ([28, 28, 0], [89, 84, 0, 5]), [13, 3, 1], [0, 0]]
['com.bri1.soundbored2_6', 0, [0, 0, 0, 0, 0, 0, 0, 0], 0, ([0, 0, 0], [0, 0, 0, 0]), [0, 0, 0], [0, 0]]
['com.proch.practicehub_2', 1, [0, 0, 1, 0, 0, 0, 0, 0], 0, ([1, 0, 1], [3, 3, 0, 0]), [1, 1, 0], [0, 0]]
['de.taz.android.app.free_11001900', 1, [1, 1, 0, 1, 1, 0, 0, 0], 0, ([864, 317, 547], [2086, 1549, 0, 537]), [3, 2, 2], [0, 0]]
['free.rm.skytube.legacy.oss_53', 0, [0, 0, 0, 0, 0, 0, 0, 0], 0, ([0, 0, 0], [0, 0, 0, 0]), [0, 0, 0], [0, 0]]
['com.asdoi.quicktiles_14', 0, [0, 0, 0, 0, 0, 0, 0, 0], 0, ([0, 0, 0], [0, 0, 0, 0]), [0, 0, 0], [0, 0]]
['fr.smarquis.soundquicksettings_10600', 0, [0, 0, 0, 0, 0, 0, 0, 0], 0, ([0, 0, 0], [0, 0, 0, 0]), [0, 0, 0], [0, 0]]
['com.edertech.dj_edertech_1', 1, [1, 1, 0, 0, 1, 0, 0, 0], 0, ([128, 23, 105], [306, 203, 5, 98]), [2, 0, 1], [0, 0]]
['com.f0x.eddymalou_2', 0, [0, 0, 0, 0, 0, 0, 0, 0], 0, ([0, 0, 0], [0, 0, 0, 0]), [0, 0, 0], [0, 0]]
['de.msal.muzei.nationalgeographic_20405', 0, [0, 0, 0, 0, 0, 0, 0, 0], 0, ([0, 0, 0], [0, 0, 0, 0]), [0, 0, 0], [0, 0]]
['com.github.axet.audiorecorder_379', 1, [1, 1, 1, 1, 1, 0, 0, 0], 0, ([12, 0, 12], [40, 40, 0, 0]), [7, 3, 0], [0, 0]]
['org.sunsetware.phocid_20250130', 1, [1, 1, 0, 1, 1, 0, 0, 0], 0, ([8, 0, 8], [24, 23, 0, 1]), [1, 0, 1], [0, 0]]
['net.pmarks.chromadoze_29', 0, [0, 0, 0, 0, 0, 0, 0, 0], 0, ([0, 0, 0], [0, 0, 0, 0]), [0, 0, 0], [0, 0]]
['org.hollowbamboo.chordreader2_13', 0, [0, 0, 0, 0, 0, 0, 0, 0], 0, ([0, 0, 0], [0, 0, 0, 0]), [0, 0, 0], [0, 0]]
['io.github.zyrouge.symphony_115', 1, [1, 1, 0, 1, 1, 0, 0, 0], 0, ([8, 0, 8], [24, 23, 0, 1]), [1, 0, 1], [0, 0]]
['io.gitlab.listentogether_6', 0, [0, 0, 0, 0, 0, 0, 0, 0], 0, ([0, 0, 0], [0, 0, 0, 0]), [0, 0, 0], [0, 0]]
['com.zoffcc.applications.avifview_10004', 1, [1, 1, 0, 1, 1, 0, 0, 0], 0, ([15, 15, 0], [35, 33, 0, 2]), [1, 0, 1], [0, 0]]
['org.witness.sscphase1_5021', 1, [1, 1, 0, 1, 1, 0, 0, 1], 0, ([2, 0, 2], [12, 12, 0, 0]), [1, 1, 0], [0, 0]]
['com.isanexusdev.androidcpg_6', 0, [0, 0, 0, 0, 0, 0, 0, 0], 0, ([0, 0, 0], [0, 0, 0, 0]), [0, 0, 0], [0, 0]]
['com.mendhak.sheepyhorn_4', 0, [0, 0, 0, 0, 0, 0, 0, 0], 0, ([0, 0, 0], [0, 0, 0, 0]), [0, 0, 0], [0, 0]]
['io.github.kkoshin.muse_2', 1, [1, 0, 0, 0, 0, 0, 0, 0], 0, ([15, 7, 8], [84, 83, 0, 1]), [4, 1, 2], [0, 0]]
['net.nurik.roman.muzei_360005', 0, [0, 0, 0, 0, 0, 0, 0, 0], 0, ([0, 0, 0], [0, 0, 0, 0]), [0, 0, 0], [0, 0]]
['com.zionhuang.music_26', 1, [1, 1, 0, 1, 1, 0, 0, 0], 0, ([8, 0, 8], [24, 23, 0, 1]), [2, 1, 1], [0, 0]]
['cc.kafuu.bilidownload_20105', 1, [1, 1, 0, 1, 1, 0, 0, 0], 0, ([18, 18, 0], [29, 29, 0, 0]), [10, 2, 2], [0, 0]]
['com.vladpen.cams_1010129', 1, [1, 0, 0, 0, 0, 0, 0, 0], 0, ([120, 13, 107], [216, 183, 0, 33]), [3, 1, 2], [0, 0]]
['com.ulicae.cinelog_40', 0, [0, 0, 0, 0, 0, 0, 0, 0], 0, ([0, 0, 0], [0, 0, 0, 0]), [0, 0, 0], [0, 0]]
['net.codechunk.speedofsound_9', 0, [0, 0, 0, 0, 0, 0, 0, 0], 0, ([0, 0, 0], [0, 0, 0, 0]), [0, 0, 0], [0, 0]]
['org.krita_5011804', 1, [0, 0, 0, 0, 1, 0, 0, 0], 0, ([96, 89, 7], [244, 223, 1, 20]), [258, 3, 4], [0, 0]]
['com.nesbox.tic_10100', 1, [1, 0, 0, 0, 0, 0, 0, 0], 0, ([50, 42, 8], [134, 133, 0, 1]), [1, 1, 1], [0, 0]]
['tv.piratemedia.lightcontroler_161', 0, [0, 0, 0, 0, 0, 0, 0, 0], 0, ([0, 0, 0], [0, 0, 0, 0]), [0, 0, 0], [0, 0]]
['com.anandnet.harmonymusic_22', 1, [1, 1, 0, 1, 1, 0, 0, 0], 0, ([223, 26, 197], [461, 277, 5, 179]), [3, 0, 1], [0, 0]]
['com.example.knkpanime_101053', 1, [1, 0, 0, 0, 0, 0, 0, 0], 0, ([180, 38, 142], [394, 240, 7, 147]), [6, 1, 1], [0, 0]]
['io.ente.photos.fdroid_981', 1, [1, 1, 0, 1, 1, 0, 0, 0], 0, ([221, 66, 155], [847, 805, 2, 40]), [28, 6, 5], [0, 0]]
['agersant.polaris_415293134', 1, [1, 1, 0, 1, 1, 0, 0, 0], 0, ([42, 4, 38], [152, 135, 1, 16]), [3, 1, 1], [0, 0]]
['fm.helio_314', 1, [1, 1, 0, 0, 0, 0, 0, 0], 0, ([1, 1, 0], [2, 1, 1, 0]), [1, 0, 1], [0, 0]]
['com.kanedias.vanilla.coverfetch_17', 0, [0, 0, 0, 0, 0, 0, 0, 0], 0, ([0, 0, 0], [0, 0, 0, 0]), [0, 0, 0], [0, 0]]
['ir.remote.edifier.rc10d1_1', 0, [0, 0, 0, 0, 0, 0, 0, 0], 0, ([0, 0, 0], [0, 0, 0, 0]), [0, 0, 0], [0, 0]]
['com.cliffracertech.soundaura_10', 0, [0, 0, 0, 0, 0, 0, 0, 0], 0, ([0, 0, 0], [0, 0, 0, 0]), [0, 0, 0], [0, 0]]
['com.smithdtyler.prettygoodmusicplayer.launchermode_58', 0, [0, 0, 0, 0, 0, 0, 0, 0], 0, ([0, 0, 0], [0, 0, 0, 0]), [0, 0, 0], [0, 0]]
['deckers.thibault.aves.libre_14204', 1, [0, 0, 0, 0, 1, 0, 0, 0], 0, ([49, 11, 38], [172, 148, 2, 22]), [9, 2, 1], [0, 0]]
['com.zaren_14', 1, [0, 1, 1, 1, 0, 1, 0, 0], 0, ([30, 0, 30], [80, 66, 0, 14]), [1, 1, 1], [0, 0]]
['oss.krtirtho.spotube_38', 1, [1, 1, 0, 1, 1, 0, 0, 0], 0, ([46, 9, 37], [161, 142, 2, 17]), [8, 1, 1], [0, 0]]
['is.xyz.mpv_40', 1, [1, 1, 0, 0, 1, 0, 0, 0], 0, ([17, 17, 0], [37, 28, 1, 8]), [11, 1, 0], [0, 0]]
['com.tunerly_8', 0, [0, 0, 0, 0, 0, 0, 0, 0], 0, ([0, 0, 0], [0, 0, 0, 0]), [0, 0, 0], [0, 0]]
['info.aario.killcamera_1', 0, [0, 0, 0, 0, 0, 0, 0, 0], 0, ([0, 0, 0], [0, 0, 0, 0]), [0, 0, 0], [0, 0]]
['net.sourceforge.wifiremoteplay_9', 0, [0, 0, 0, 0, 0, 0, 0, 0], 0, ([0, 0, 0], [0, 0, 0, 0]), [0, 0, 0], [0, 0]]
['wseemann.media.romote_27', 0, [0, 0, 0, 0, 0, 0, 0, 0], 0, ([0, 0, 0], [0, 0, 0, 0]), [0, 0, 0], [0, 0]]
['v4lpt.vpt.f003.gdp_105', 0, [0, 0, 0, 0, 0, 0, 0, 0], 0, ([0, 0, 0], [0, 0, 0, 0]), [0, 0, 0], [0, 0]]
['app.myzel394.alibi_16', 1, [1, 1, 0, 1, 1, 0, 0, 0], 0, ([28, 20, 8], [64, 60, 0, 4]), [21, 5, 4], [0, 0]]
['com.dozingcatsoftware.vectorcamera_14', 0, [0, 0, 0, 0, 0, 0, 0, 0], 0, ([0, 0, 0], [0, 0, 0, 0]), [0, 0, 0], [0, 0]]
['net.sourceforge.opencamera_90', 0, [0, 0, 0, 0, 0, 0, 0, 0], 0, ([0, 0, 0], [0, 0, 0, 0]), [0, 0, 0], [0, 0]]
['live.mehiz.mpvkt_124', 1, [0, 0, 0, 0, 1, 0, 0, 0], 0, ([25, 17, 8], [61, 51, 1, 9]), [12, 1, 1], [0, 0]]
['v4lpt.vpt.f006.yxn_102', 0, [0, 0, 0, 0, 0, 0, 0, 0], 0, ([0, 0, 0], [0, 0, 0, 0]), [0, 0, 0], [0, 0]]
['de.laxu.apps.nachtlagerdownloader_1', 0, [0, 0, 0, 0, 0, 0, 0, 0], 0, ([0, 0, 0], [0, 0, 0, 0]), [0, 0, 0], [0, 0]]
['de.ptrlx.oneshot_111', 0, [0, 0, 0, 0, 0, 0, 0, 0], 0, ([0, 0, 0], [0, 0, 0, 0]), [0, 0, 0], [0, 0]]
['com.gluege.nightlight_2', 0, [0, 0, 0, 0, 0, 0, 0, 0], 0, ([0, 0, 0], [0, 0, 0, 0]), [0, 0, 0], [0, 0]]
['code.alimiracle.image_meta_cleaner_1', 1, [1, 1, 0, 0, 1, 0, 0, 0], 0, ([87, 18, 69], [242, 175, 5, 62]), [2, 0, 1], [0, 0]]
['com.a10miaomiao.bilimiao_107', 1, [1, 1, 1, 1, 1, 0, 0, 0], 0, ([98, 53, 45], [227, 210, 1, 16]), [4, 3, 2], [0, 0]]
['com.martinmimigames.littlemusicplayer_15', 0, [0, 0, 0, 0, 0, 0, 0, 0], 0, ([0, 0, 0], [0, 0, 0, 0]), [0, 0, 0], [0, 0]]
['org.mult.daap_55', 0, [0, 0, 0, 0, 0, 0, 0, 0], 0, ([0, 0, 0], [0, 0, 0, 0]), [0, 0, 0], [0, 0]]
['com.danhasting.radar_6', 0, [0, 0, 0, 0, 0, 0, 0, 0], 0, ([0, 0, 0], [0, 0, 0, 0]), [0, 0, 0], [0, 0]]
['org.xbmc.kore_33', 0, [0, 0, 0, 0, 0, 0, 0, 0], 0, ([0, 0, 0], [0, 0, 0, 0]), [0, 0, 0], [0, 0]]
['com.gcstar.scanner_1', 0, [0, 0, 0, 0, 0, 0, 0, 0], 0, ([0, 0, 0], [0, 0, 0, 0]), [0, 0, 0], [0, 0]]
['ua.gardenapple.trylbry_7', 0, [0, 0, 0, 0, 0, 0, 0, 0], 0, ([0, 0, 0], [0, 0, 0, 0]), [0, 0, 0], [0, 0]]
['dev.anilbeesetti.nextplayer_31', 1, [1, 1, 0, 1, 1, 0, 0, 0], 0, ([27, 5, 22], [84, 75, 0, 9]), [9, 3, 3], [0, 0]]
['sonoroxadc.garethmurfin.co.uk_4', 0, [0, 0, 0, 0, 0, 0, 0, 0], 0, ([0, 0, 0], [0, 0, 0, 0]), [0, 0, 0], [0, 0]]
['org.zephyrsoft.sdbviewer_10', 0, [0, 0, 0, 0, 0, 0, 0, 0], 0, ([0, 0, 0], [0, 0, 0, 0]), [0, 0, 0], [0, 0]]
['com.bobek.metronome_15', 0, [0, 0, 0, 0, 0, 0, 0, 0], 0, ([0, 0, 0], [0, 0, 0, 0]), [0, 0, 0], [0, 0]]
['com.certified.audionote_7', 0, [0, 0, 0, 0, 0, 0, 0, 0], 0, ([0, 0, 0], [0, 0, 0, 0]), [0, 0, 0], [0, 0]]
['tech.waelk.radioactive.metronome_12', 0, [0, 0, 0, 0, 0, 0, 0, 0], 0, ([0, 0, 0], [0, 0, 0, 0]), [0, 0, 0], [0, 0]]
['de.kromke.andreas.musictagger_32', 0, [0, 0, 0, 0, 0, 0, 0, 0], 0, ([0, 0, 0], [0, 0, 0, 0]), [0, 0, 0], [0, 0]]
['com.crazylegend.subhub_1', 0, [0, 0, 0, 0, 0, 0, 0, 0], 0, ([0, 0, 0], [0, 0, 0, 0]), [0, 0, 0], [0, 0]]
['v4lpt.vpt.f012.ryp_104', 0, [0, 0, 0, 0, 0, 0, 0, 0], 0, ([0, 0, 0], [0, 0, 0, 0]), [0, 0, 0], [0, 0]]
['fr.tvbarthel.apps.cameracolorpicker_7', 0, [0, 0, 0, 0, 0, 0, 0, 0], 0, ([0, 0, 0], [0, 0, 0, 0]), [0, 0, 0], [0, 0]]
['pt.ipleiria.mymusicqoe_12', 0, [0, 0, 0, 0, 0, 0, 0, 0], 0, ([0, 0, 0], [0, 0, 0, 0]), [0, 0, 0], [0, 0]]
['org.courville.nova_6030023', 1, [1, 1, 0, 1, 1, 0, 0, 0], 0, ([75, 36, 39], [145, 136, 0, 9]), [21, 4, 3], [0, 0]]
['com.vincentengelsoftware.vesandroidimagecompare_43', 0, [0, 0, 0, 0, 0, 0, 0, 0], 0, ([0, 0, 0], [0, 0, 0, 0]), [0, 0, 0], [0, 0]]
['com.qfs.pagan_93', 0, [0, 0, 0, 0, 0, 0, 0, 0], 0, ([0, 0, 0], [0, 0, 0, 0]), [0, 0, 0], [0, 0]]
['com.unwrappedapps.android.wallpaper.creative_2', 1, [0, 1, 1, 0, 0, 0, 0, 0], 0, ([7, 7, 0], [18, 18, 0, 0]), [3, 1, 0], [0, 0]]
['com.kounex.obsBlade_2023012003', 1, [1, 1, 0, 0, 1, 0, 0, 0], 0, ([38, 4, 34], [143, 127, 1, 15]), [2, 0, 1], [0, 0]]
['ch.blinkenlights.android.vanillaplug_170', 0, [0, 0, 0, 0, 0, 0, 0, 0], 0, ([0, 0, 0], [0, 0, 0, 0]), [0, 0, 0], [0, 0]]
['ir.remote.edifier.rc18a_1', 0, [0, 0, 0, 0, 0, 0, 0, 0], 0, ([0, 0, 0], [0, 0, 0, 0]), [0, 0, 0], [0, 0]]
['net.schueller.instarepost_205', 0, [0, 0, 0, 0, 0, 0, 0, 0], 0, ([0, 0, 0], [0, 0, 0, 0]), [0, 0, 0], [0, 0]]
['com.serwylo.babydots_10908', 0, [0, 0, 0, 0, 0, 0, 0, 0], 0, ([0, 0, 0], [0, 0, 0, 0]), [0, 0, 0], [0, 0]]
['ch.ulys.k19player_13', 1, [1, 0, 0, 0, 0, 0, 0, 0], 0, ([413, 34, 379], [790, 452, 18, 320]), [2, 0, 1], [0, 0]]
['com.gokadzev.musify.fdroid_112', 1, [1, 1, 0, 0, 1, 0, 0, 0], 0, ([42, 4, 38], [152, 135, 1, 16]), [2, 0, 1], [0, 0]]
['com.guozhigq.pilipala_10253', 1, [1, 0, 0, 0, 0, 0, 0, 0], 0, ([46, 9, 37], [161, 142, 2, 17]), [5, 1, 1], [0, 0]]
['kaljurand_at_gmail_dot_com.diktofon_983', 0, [0, 0, 0, 0, 0, 0, 0, 0], 0, ([0, 0, 0], [0, 0, 0, 0]), [0, 0, 0], [0, 0]]
['eu.pretix.pretixscan.droid_97', 1, [1, 1, 0, 1, 1, 0, 0, 0], 0, ([51, 48, 3], [212, 186, 0, 26]), [8, 2, 2], [0, 0]]
['io.github.tjg1.nori_15', 0, [0, 0, 0, 0, 0, 0, 0, 0], 0, ([0, 0, 0], [0, 0, 0, 0]), [0, 0, 0], [0, 0]]
['ru.natsuru.websdr_1', 0, [0, 0, 0, 0, 0, 0, 0, 0], 0, ([0, 0, 0], [0, 0, 0, 0]), [0, 0, 0], [0, 0]]
['com.kanedias.vanilla.metadata_9', 1, [1, 1, 0, 1, 1, 0, 0, 0], 0, ([1, 1, 0], [2, 2, 0, 0]), [1, 1, 0], [0, 0]]
['com.podverse.fdroid_105004', 1, [0, 0, 0, 0, 1, 0, 0, 0], 0, ([371, 164, 207], [923, 800, 0, 123]), [67, 1, 21], [0, 0]]
['com.github.andremiras.qrscan_721202812', 1, [0, 1, 0, 0, 0, 0, 0, 0], 0, ([43, 32, 11], [130, 125, 0, 5]), [15, 3, 1], [0, 0]]
['org.rocstreaming.rocdroid_2002', 1, [1, 1, 0, 1, 1, 0, 0, 0], 0, ([60, 51, 9], [154, 139, 0, 15]), [4, 2, 2], [0, 0]]
['com.gnethomelinux.midistrum_1021209', 1, [1, 0, 0, 0, 0, 0, 0, 0], 0, ([52, 43, 9], [146, 141, 0, 5]), [12, 2, 1], [0, 0]]
['com.redcoracle.episodes_24', 0, [0, 0, 0, 0, 0, 0, 0, 0], 0, ([100, 23, 77], [180, 75, 4, 101]), [0, 0, 0], [0, 0]]
['org.helllabs.android.xmp_87', 1, [1, 1, 0, 1, 1, 0, 0, 0], 0, ([39, 39, 0], [75, 74, 0, 1]), [1, 1, 0], [0, 0]]
['app.zimly.backup_46', 1, [1, 1, 0, 1, 1, 0, 0, 0], 0, ([10, 0, 10], [32, 29, 0, 3]), [1, 0, 1], [0, 0]]
['de.astubenbord.paperless_mobile_4053', 1, [1, 0, 0, 0, 0, 0, 0, 0], 0, ([86, 49, 37], [318, 299, 1, 18]), [3, 1, 2], [0, 0]]
['org.gmote.client.android_5', 0, [0, 0, 0, 0, 0, 0, 0, 0], 0, ([0, 0, 0], [0, 0, 0, 0]), [0, 0, 0], [0, 0]]
['org.jellyfin.androidtv_180499', 1, [1, 1, 0, 1, 1, 0, 0, 0], 0, ([17, 3, 14], [50, 46, 0, 4]), [2, 1, 2], [0, 0]]
['com.jim.sharetocomputer_1140', 0, [0, 0, 0, 0, 0, 0, 0, 0], 0, ([0, 0, 0], [0, 0, 0, 0]), [0, 0, 0], [0, 0]]
['net.ddns.mlsoftlaberge.trycorder_523', 0, [0, 0, 0, 0, 0, 0, 0, 0], 0, ([0, 0, 0], [0, 0, 0, 0]), [0, 0, 0], [0, 0]]
['audio.funkwhale.ffa_300000', 1, [1, 1, 0, 1, 1, 0, 0, 0], 0, ([14, 0, 14], [32, 30, 0, 2]), [2, 2, 1], [0, 0]]
['net.majorkernelpanic.spydroid_1000', 0, [0, 0, 0, 0, 0, 0, 0, 0], 0, ([0, 0, 0], [0, 0, 0, 0]), [0, 0, 0], [0, 0]]
['ac.mdiq.podcini.X_109', 1, [1, 1, 0, 1, 1, 0, 0, 0], 0, ([552, 544, 8], [1843, 1462, 0, 381]), [3, 1, 3], [0, 0]]
['it.fast4x.rimusic_80', 1, [1, 1, 0, 1, 1, 0, 0, 0], 0, ([8, 0, 8], [24, 23, 0, 1]), [2, 1, 1], [0, 0]]
['net.turtton.ytalarm_109', 1, [0, 0, 0, 0, 1, 0, 0, 0], 0, ([0, 0, 0], [0, 0, 0, 0]), [2, 0, 0], [0, 0]]
['org.schabi.newpipe_1002', 0, [0, 0, 0, 0, 0, 0, 0, 0], 0, ([0, 0, 0], [0, 0, 0, 0]), [0, 0, 0], [0, 0]]
['io.github.soundremote_10', 1, [1, 1, 0, 1, 1, 0, 0, 0], 0, ([13, 0, 13], [39, 38, 0, 1]), [3, 1, 2], [0, 0]]
['org.gateshipone.malp_42', 0, [0, 0, 0, 0, 0, 0, 0, 0], 0, ([0, 0, 0], [0, 0, 0, 0]), [0, 0, 0], [0, 0]]
['de.kromke.andreas.unpopmusicplayerfree_63', 0, [0, 0, 0, 0, 0, 0, 0, 0], 0, ([0, 0, 0], [0, 0, 0, 0]), [0, 0, 0], [0, 0]]
['io.github.dlbeswick.kreuungching_11900', 0, [0, 0, 0, 0, 0, 0, 0, 0], 0, ([0, 0, 0], [0, 0, 0, 0]), [0, 0, 0], [0, 0]]
['com.matt.outfield_4', 0, [0, 0, 0, 0, 0, 0, 0, 0], 0, ([0, 0, 0], [0, 0, 0, 0]), [0, 0, 0], [0, 0]]
['org.y20k.transistor_102', 0, [0, 0, 0, 0, 0, 0, 0, 0], 0, ([0, 0, 0], [0, 0, 0, 0]), [0, 0, 0], [0, 0]]
['be.knars.netflixtoimdb_6', 0, [0, 0, 0, 0, 0, 0, 0, 0], 0, ([0, 0, 0], [0, 0, 0, 0]), [0, 0, 0], [0, 0]]
['eu.pretix.pretixprint_74', 1, [1, 1, 0, 1, 1, 0, 0, 0], 0, ([29, 29, 0], [84, 75, 0, 9]), [3, 2, 0], [0, 0]]
['com.joshtwigg.cmus.droid_8', 0, [0, 0, 0, 0, 0, 0, 0, 0], 0, ([0, 0, 0], [0, 0, 0, 0]), [0, 0, 0], [0, 0]]
['org.proninyaroslav.blink_comparison_5073', 1, [0, 0, 0, 0, 1, 0, 0, 0], 0, ([46, 9, 37], [216, 179, 1, 36]), [4, 1, 1], [0, 0]]
['com.tnibler.cryptocam_17', 1, [1, 1, 0, 1, 1, 0, 0, 0], 0, ([13, 10, 3], [23, 19, 0, 4]), [1, 1, 0], [0, 0]]
['com.fr3ts0n.stagefever_10200', 0, [0, 0, 0, 0, 0, 0, 0, 0], 0, ([0, 0, 0], [0, 0, 0, 0]), [0, 0, 0], [0, 0]]
['org.cimbar.camerafilecopy_15', 1, [1, 1, 0, 1, 1, 0, 0, 0], 0, ([2470, 2468, 2], [11306, 11281, 0, 25]), [3, 2, 1], [0, 0]]
['de.maniac103.squeezeclient_5', 0, [0, 0, 0, 0, 0, 0, 0, 0], 0, ([0, 0, 0], [0, 0, 0, 0]), [0, 0, 0], [0, 0]]
['de.k3b.android.lossless_jpg_crop_10', 1, [1, 1, 0, 1, 1, 0, 0, 0], 0, ([10, 2, 8], [26, 6, 0, 20]), [5, 0, 3], [0, 0]]
['net.reichholf.dreamdroid_460', 1, [1, 1, 0, 1, 1, 0, 0, 0], 0, ([120, 13, 107], [216, 183, 0, 33]), [3, 1, 2], [0, 0]]
['com.github.wgh136.venera_1223', 1, [0, 0, 0, 0, 1, 0, 0, 0], 0, ([44, 4, 40], [154, 137, 1, 16]), [9, 1, 2], [0, 0]]
['me.rosuh.easywatermark_20900', 0, [0, 0, 0, 0, 0, 0, 0, 0], 0, ([0, 0, 0], [0, 0, 0, 0]), [0, 0, 0], [0, 0]]
['mn.tck.semitone_4', 1, [1, 1, 0, 1, 1, 0, 0, 0], 0, ([9, 9, 0], [23, 22, 0, 1]), [5, 1, 0], [0, 0]]
['org.koitharu.kotatsu_701', 1, [1, 1, 0, 1, 1, 0, 0, 0], 0, ([298, 293, 5], [970, 737, 0, 233]), [2, 1, 2], [0, 0]]
['gallery.memories_12', 0, [0, 0, 0, 0, 0, 0, 0, 0], 0, ([0, 0, 0], [0, 0, 0, 0]), [0, 0, 0], [0, 0]]
['org.atai.TessUI_16', 1, [1, 1, 0, 1, 1, 0, 0, 0], 0, ([109, 76, 33], [345, 343, 0, 2]), [4, 2, 2], [0, 0]]
['groomiac.voicemailplayer_13', 0, [0, 0, 0, 0, 0, 0, 0, 0], 0, ([0, 0, 0], [0, 0, 0, 0]), [0, 0, 0], [0, 0]]
['io.github.freewatermark.mobileapp_7004', 1, [0, 0, 0, 0, 1, 0, 0, 0], 0, ([38, 4, 34], [143, 127, 1, 15]), [2, 0, 1], [0, 0]]
['org.esteban.piano_6', 0, [0, 0, 0, 0, 0, 0, 0, 0], 0, ([0, 0, 0], [0, 0, 0, 0]), [0, 0, 0], [0, 0]]
['org.musicbrainz.picard.barcodescanner_33', 0, [0, 0, 0, 0, 0, 0, 0, 0], 0, ([0, 0, 0], [0, 0, 0, 0]), [0, 0, 0], [0, 0]]
['net.e1547_94', 1, [1, 1, 0, 1, 1, 0, 0, 0], 0, ([225, 38, 187], [484, 276, 6, 202]), [6, 1, 1], [0, 0]]
['com.prangesoftwaresolutions.audioanchor_29', 0, [0, 0, 0, 0, 0, 0, 0, 0], 0, ([0, 0, 0], [0, 0, 0, 0]), [0, 0, 0], [0, 0]]
['com.atharok.btremote_11', 1, [1, 1, 0, 1, 1, 0, 0, 0], 0, ([8, 0, 8], [24, 23, 0, 1]), [2, 1, 1], [0, 0]]
['de.kromke.andreas.opus1musicplayer_75', 0, [0, 0, 0, 0, 0, 0, 0, 0], 0, ([0, 0, 0], [0, 0, 0, 0]), [0, 0, 0], [0, 0]]
['fr.nihilus.music_201010', 0, [0, 0, 0, 0, 0, 0, 0, 0], 0, ([0, 0, 0], [0, 0, 0, 0]), [0, 0, 0], [0, 0]]
['com.elsewhat.android.currentwallpaper_2', 0, [0, 0, 0, 0, 0, 0, 0, 0], 0, ([0, 0, 0], [0, 0, 0, 0]), [0, 0, 0], [0, 0]]
['phone.vishnu.dialogmusicplayer_11', 0, [0, 0, 0, 0, 0, 0, 0, 0], 0, ([0, 0, 0], [0, 0, 0, 0]), [0, 0, 0], [0, 0]]
['a2dp.Vol_169', 0, [0, 0, 0, 0, 0, 0, 0, 0], 0, ([0, 0, 0], [0, 0, 0, 0]), [0, 0, 0], [0, 0]]
['fr.herverenault.directdictaphone_19', 0, [0, 0, 0, 0, 0, 0, 0, 0], 0, ([0, 0, 0], [0, 0, 0, 0]), [0, 0, 0], [0, 0]]
['com.chemistry.admin.chemistrylab_11', 0, [0, 0, 0, 0, 0, 0, 0, 0], 0, ([0, 0, 0], [0, 0, 0, 0]), [0, 0, 0], [0, 0]]
['net.currit.tonality_2', 1, [1, 1, 0, 1, 1, 0, 0, 0], 0, ([7, 7, 0], [19, 18, 0, 1]), [5, 1, 0], [0, 0]]
['com.pheelicks.visualizer_1', 0, [0, 0, 0, 0, 0, 0, 0, 0], 0, ([0, 0, 0], [0, 0, 0, 0]), [0, 0, 0], [0, 0]]
['com.secuso.privacyFriendlyCodeScanner_51', 0, [0, 0, 0, 0, 0, 0, 0, 0], 0, ([0, 0, 0], [0, 0, 0, 0]), [0, 0, 0], [0, 0]]
['com.louis.app.cavity_30', 1, [1, 1, 0, 1, 1, 0, 0, 0], 0, ([17, 17, 0], [106, 80, 0, 26]), [3, 2, 0], [0, 0]]
['allen.town.focus.podcast_70', 1, [1, 1, 0, 1, 1, 0, 0, 0], 0, ([3, 3, 0], [12, 11, 0, 1]), [1, 1, 0], [0, 0]]
['org.billthefarmer.accordion_122', 1, [1, 1, 0, 1, 1, 0, 0, 0], 0, ([6, 0, 6], [9, 9, 0, 0]), [3, 1, 0], [0, 0]]
['de.kromke.andreas.mediascanner_21', 1, [1, 1, 0, 1, 1, 0, 0, 0], 0, ([2, 0, 2], [11, 11, 0, 0]), [1, 1, 0], [0, 0]]
['org.mcxa.softsound_1', 0, [0, 0, 0, 0, 0, 0, 0, 0], 0, ([0, 0, 0], [0, 0, 0, 0]), [0, 0, 0], [0, 0]]
['eu.dorfbrunnen.momkin_3', 0, [0, 0, 0, 0, 0, 0, 0, 0], 0, ([0, 0, 0], [0, 0, 0, 0]), [0, 0, 0], [0, 0]]
['org.sickstache_43', 0, [0, 0, 0, 0, 0, 0, 0, 0], 0, ([0, 0, 0], [0, 0, 0, 0]), [0, 0, 0], [0, 0]]
['com.toasterofbread.spmp_22', 1, [1, 1, 0, 1, 1, 0, 0, 0], 0, ([14, 9, 5], [40, 37, 0, 3]), [1, 1, 0], [0, 0]]
['max.music_cyclon_4', 0, [0, 0, 0, 0, 0, 0, 0, 0], 0, ([0, 0, 0], [0, 0, 0, 0]), [0, 0, 0], [0, 0]]
['com.jvillalba.apod.classic_11', 0, [0, 0, 0, 0, 0, 0, 0, 0], 0, ([0, 0, 0], [0, 0, 0, 0]), [0, 0, 0], [0, 0]]
['jp.muo.syncmemories_2', 0, [0, 0, 0, 0, 0, 0, 0, 0], 0, ([0, 0, 0], [0, 0, 0, 0]), [0, 0, 0], [0, 0]]
['io.github.gsantner.memetastic_73', 0, [0, 0, 0, 0, 0, 0, 0, 0], 0, ([0, 0, 0], [0, 0, 0, 0]), [0, 0, 0], [0, 0]]
['souch.smp_32', 0, [0, 0, 0, 0, 0, 0, 0, 0], 0, ([0, 0, 0], [0, 0, 0, 0]), [0, 0, 0], [0, 0]]
['site.leos.apps.lespas_99', 1, [1, 1, 0, 1, 1, 0, 0, 0], 0, ([63, 63, 0], [173, 166, 0, 7]), [2, 2, 0], [0, 0]]
['com.tjm.stripepaper_2', 0, [0, 0, 0, 0, 0, 0, 0, 0], 0, ([0, 0, 0], [0, 0, 0, 0]), [0, 0, 0], [0, 0]]
['com.github.cvzi.screenshottile_126', 0, [0, 0, 0, 0, 0, 0, 0, 0], 0, ([0, 0, 0], [0, 0, 0, 0]), [0, 0, 0], [0, 0]]
['com.thibaudperso.sonycamera_24', 0, [0, 0, 0, 0, 0, 0, 0, 0], 0, ([0, 0, 0], [0, 0, 0, 0]), [0, 0, 0], [0, 0]]
['org.musicpd_75', 1, [1, 1, 0, 0, 0, 0, 0, 0], 0, ([3, 3, 0], [5, 3, 2, 0]), [1, 1, 0], [0, 0]]
['de.mathema.privacyblur_42', 1, [1, 1, 0, 0, 1, 0, 0, 0], 0, ([37, 5, 32], [136, 122, 1, 13]), [2, 0, 1], [0, 0]]
['com.piwi.stickeroid_6', 0, [0, 0, 0, 0, 0, 0, 0, 0], 0, ([0, 0, 0], [0, 0, 0, 0]), [0, 0, 0], [0, 0]]
['ru.stersh.youamp_17', 1, [1, 1, 0, 1, 1, 0, 0, 0], 0, ([8, 0, 8], [24, 23, 0, 1]), [1, 0, 1], [0, 0]]
['com.nathanosman.chronosnap_6', 0, [0, 0, 0, 0, 0, 0, 0, 0], 0, ([0, 0, 0], [0, 0, 0, 0]), [0, 0, 0], [0, 0]]
['com.ehang.ehhelper_3', 0, [0, 0, 0, 0, 0, 0, 0, 0], 0, ([0, 0, 0], [0, 0, 0, 0]), [0, 0, 0], [0, 0]]
['com.workingagenda.democracydroid_56', 1, [1, 1, 0, 1, 1, 0, 0, 0], 0, ([15, 15, 0], [61, 49, 0, 12]), [3, 0, 3], [0, 0]]
['github.yaa110.piclice_2', 0, [0, 0, 0, 0, 0, 0, 0, 0], 0, ([0, 0, 0], [0, 0, 0, 0]), [0, 0, 0], [0, 0]]
['org.mythdroid_63', 0, [0, 0, 0, 0, 0, 0, 0, 0], 0, ([0, 0, 0], [0, 0, 0, 0]), [0, 0, 0], [0, 0]]
['com.rohit2810.spotit_2', 0, [0, 0, 0, 0, 0, 0, 0, 0], 0, ([0, 0, 0], [0, 0, 0, 0]), [0, 0, 0], [0, 0]]
['fr.mobdev.peertubelive_4', 0, [0, 0, 0, 0, 0, 0, 0, 0], 0, ([0, 0, 0], [0, 0, 0, 0]), [0, 0, 0], [0, 0]]
['com.maxrave.simpmusic_25', 1, [1, 1, 0, 1, 1, 0, 0, 0], 0, ([8, 0, 8], [24, 23, 0, 1]), [2, 1, 1], [0, 0]]
['com.yasfa.views_3', 0, [0, 0, 0, 0, 0, 0, 0, 0], 0, ([0, 0, 0], [0, 0, 0, 0]), [0, 0, 0], [0, 0]]
['org.fossify.voicerecorder_5', 1, [1, 1, 0, 1, 1, 0, 0, 0], 0, ([11, 3, 8], [49, 48, 0, 1]), [2, 1, 1], [0, 0]]
['com.tistory.deque.previewmaker_22', 0, [0, 0, 0, 0, 0, 0, 0, 0], 0, ([0, 0, 0], [0, 0, 0, 0]), [0, 0, 0], [0, 0]]
['io.github.lydavid.musicsearch_536', 1, [1, 1, 0, 1, 1, 0, 0, 0], 0, ([8, 0, 8], [24, 23, 0, 1]), [2, 1, 1], [0, 0]]
['de.devmil.muzei.bingimageofthedayartsource_9', 0, [0, 0, 0, 0, 0, 0, 0, 0], 0, ([0, 0, 0], [0, 0, 0, 0]), [0, 0, 0], [0, 0]]
['ro.radioromaniaactualitati.podcasts_65', 1, [1, 1, 0, 0, 1, 0, 0, 0], 0, ([41, 4, 37], [151, 134, 1, 16]), [2, 0, 1], [0, 0]]
['tn.creativeteam.newyoutubelistingapp_6', 0, [0, 0, 0, 0, 0, 0, 0, 0], 0, ([0, 0, 0], [0, 0, 0, 0]), [0, 0, 0], [0, 0]]
['com.shub39.rush_2440', 1, [1, 1, 0, 1, 1, 0, 0, 0], 0, ([8, 0, 8], [24, 23, 0, 1]), [2, 1, 1], [0, 0]]
['de.uwepost.android.deltacam_11', 0, [0, 0, 0, 0, 0, 0, 0, 0], 0, ([0, 0, 0], [0, 0, 0, 0]), [0, 0, 0], [0, 0]]
['com.slavabarkov.tidy_2', 1, [1, 1, 0, 1, 1, 0, 0, 0], 0, ([111, 20, 91], [436, 417, 0, 19]), [2, 1, 1], [0, 0]]
['fr.odrevet.bide_et_musique_56', 1, [1, 1, 0, 0, 1, 0, 0, 0], 0, ([226, 26, 200], [464, 279, 5, 180]), [2, 0, 1], [0, 0]]
['de.qspool.clementineremote_759', 0, [0, 0, 0, 0, 0, 0, 0, 0], 0, ([0, 0, 0], [0, 0, 0, 0]), [0, 0, 0], [0, 0]]
['org.droidupnp_18', 0, [0, 0, 0, 0, 0, 0, 0, 0], 0, ([0, 0, 0], [0, 0, 0, 0]), [0, 0, 0], [0, 0]]
['com.czy0729.bangumi_70701', 1, [1, 1, 0, 1, 1, 0, 0, 0], 0, ([274, 141, 133], [653, 531, 0, 122]), [65, 0, 19], [0, 0]]
['fr.s13d.photobackup_33', 0, [0, 0, 0, 0, 0, 0, 0, 0], 0, ([0, 0, 0], [0, 0, 0, 0]), [0, 0, 0], [0, 0]]
['com.fadcam_6', 1, [1, 1, 0, 1, 1, 0, 0, 0], 0, ([18, 18, 0], [29, 29, 0, 0]), [18, 3, 3], [0, 0]]
['org.grakovne.lissen_66', 1, [1, 1, 0, 1, 1, 0, 0, 0], 0, ([8, 0, 8], [24, 23, 0, 1]), [1, 0, 1], [0, 0]]
['eu.flatworld.android.slider_20301', 0, [0, 0, 0, 0, 0, 0, 0, 0], 0, ([0, 0, 0], [0, 0, 0, 0]), [0, 0, 0], [0, 0]]
['remuco.client.android_1', 0, [0, 0, 0, 0, 0, 0, 0, 0], 0, ([0, 0, 0], [0, 0, 0, 0]), [0, 0, 0], [0, 0]]
['player.phonograph.plus_1090', 1, [1, 1, 0, 1, 1, 0, 0, 0], 0, ([8, 0, 8], [24, 23, 0, 1]), [2, 1, 1], [0, 0]]
['de.salomax.muzei.thevergewallpapers_10005', 0, [0, 0, 0, 0, 0, 0, 0, 0], 0, ([0, 0, 0], [0, 0, 0, 0]), [0, 0, 0], [0, 0]]
['net.phunehehe.foocam_4', 0, [0, 0, 0, 0, 0, 0, 0, 0], 0, ([0, 0, 0], [0, 0, 0, 0]), [0, 0, 0], [0, 0]]
['net.sourceforge.kid3_31', 1, [1, 0, 0, 0, 0, 0, 0, 0], 0, ([119, 100, 19], [327, 307, 0, 20]), [47, 2, 3], [0, 0]]
['org.metabrainz.android_56', 1, [1, 1, 1, 1, 1, 1, 1, 0], 0, ([47, 4, 43], [81, 80, 0, 1]), [2, 1, 1], [0, 0]]
['org.billthefarmer.shorty_116', 0, [0, 0, 0, 0, 0, 0, 0, 0], 0, ([0, 0, 0], [0, 0, 0, 0]), [0, 0, 0], [0, 0]]
['org.ncrmnt.nettts_3', 0, [0, 0, 0, 0, 0, 0, 0, 0], 0, ([0, 0, 0], [0, 0, 0, 0]), [0, 0, 0], [0, 0]]
['mbmb5.lumixextendedcontrolapp_1', 0, [0, 0, 0, 0, 0, 0, 0, 0], 0, ([0, 0, 0], [0, 0, 0, 0]), [0, 0, 0], [0, 0]]
['jupiter.broadcasting.live.tv_10', 0, [0, 0, 0, 0, 0, 0, 0, 0], 0, ([0, 0, 0], [0, 0, 0, 0]), [0, 0, 0], [0, 0]]
['com.iakmds.librecamera_143', 1, [1, 0, 0, 0, 0, 0, 0, 0], 0, ([38, 4, 34], [143, 127, 1, 15]), [2, 0, 1], [0, 0]]
['re.jcg.playmusicexporter_110', 0, [0, 0, 0, 0, 0, 0, 0, 0], 0, ([0, 0, 0], [0, 0, 0, 0]), [0, 0, 0], [0, 0]]
['com.danefinlay.ttsutil_8', 0, [0, 0, 0, 0, 0, 0, 0, 0], 0, ([0, 0, 0], [0, 0, 0, 0]), [0, 0, 0], [0, 0]]
['com.berkersen.practicesuite_126', 1, [1, 1, 0, 0, 1, 0, 0, 0], 0, ([41, 4, 37], [151, 134, 1, 16]), [2, 0, 1], [0, 0]]
['org.quovadit.apps.andof_21', 0, [0, 0, 0, 0, 0, 0, 0, 0], 0, ([0, 0, 0], [0, 0, 0, 0]), [0, 0, 0], [0, 0]]
['com.harleensahni.android.mbr_20140127', 0, [0, 0, 0, 0, 0, 0, 0, 0], 0, ([0, 0, 0], [0, 0, 0, 0]), [0, 0, 0], [0, 0]]
['net.stkaddons.viewer_3', 0, [0, 0, 0, 0, 0, 0, 0, 0], 0, ([0, 0, 0], [0, 0, 0, 0]), [0, 0, 0], [0, 0]]
['com.ssaurel.clocklw_1', 0, [0, 0, 0, 0, 0, 0, 0, 0], 0, ([0, 0, 0], [0, 0, 0, 0]), [0, 0, 0], [0, 0]]
['com.daih.psychphinder_17', 1, [1, 1, 0, 0, 1, 0, 0, 0], 0, ([104, 23, 81], [267, 184, 5, 78]), [2, 0, 1], [0, 0]]
['com.kanedias.vanilla.audiotag_28', 0, [0, 0, 0, 0, 0, 0, 0, 0], 0, ([0, 0, 0], [0, 0, 0, 0]), [0, 0, 0], [0, 0]]
['cn.a10miaomiao.bilidown_1004', 1, [1, 0, 0, 0, 0, 0, 0, 0], 0, ([25, 0, 25], [49, 47, 0, 2]), [4, 2, 3], [0, 0]]
['com.github.axet.hourlyreminder_477', 0, [0, 0, 0, 0, 0, 0, 0, 0], 0, ([0, 0, 0], [0, 0, 0, 0]), [0, 0, 0], [0, 0]]
['org.akanework.gramophone_17', 0, [0, 0, 0, 0, 0, 0, 0, 0], 0, ([0, 0, 0], [0, 0, 0, 0]), [0, 0, 0], [0, 0]]
['se.tube42.drum.android_34', 1, [1, 1, 1, 1, 1, 0, 0, 0], 0, ([296, 133, 163], [1105, 1004, 0, 101]), [2, 2, 0], [0, 0]]
['org.mosad.teapod_100992', 0, [0, 0, 0, 0, 0, 0, 0, 0], 0, ([0, 0, 0], [0, 0, 0, 0]), [0, 0, 0], [0, 0]]
['com.cliambrown.easynoise_10', 0, [0, 0, 0, 0, 0, 0, 0, 0], 0, ([0, 0, 0], [0, 0, 0, 0]), [0, 0, 0], [0, 0]]
['de.yaacc_40301', 0, [0, 0, 0, 0, 0, 0, 0, 0], 0, ([0, 0, 0], [0, 0, 0, 0]), [0, 0, 0], [0, 0]]
['eu.toldi.infinityforlemmy_136', 1, [1, 1, 0, 1, 1, 0, 0, 0], 0, ([23, 23, 0], [53, 49, 0, 4]), [1, 1, 1], [0, 0]]
['com.leestarb.fourthtools_341', 0, [0, 0, 0, 0, 0, 0, 0, 0], 0, ([0, 0, 0], [0, 0, 0, 0]), [0, 0, 0], [0, 0]]
['com.boztalay.puppyframeuid_1', 0, [0, 0, 0, 0, 0, 0, 0, 0], 0, ([0, 0, 0], [0, 0, 0, 0]), [0, 0, 0], [0, 0]]
['net.schueller.peertube_1080', 1, [1, 1, 0, 1, 1, 0, 0, 0], 0, ([3223, 3223, 0], [9398, 6800, 0, 2598]), [1, 1, 0], [0, 0]]
['it.danieleverducci.ojo_9', 1, [1, 1, 0, 1, 1, 0, 0, 0], 0, ([109, 9, 100], [196, 169, 0, 27]), [11, 1, 2], [0, 0]]
['com.phpbg.easysync_16', 1, [1, 1, 0, 1, 1, 0, 0, 0], 0, ([12, 0, 12], [32, 31, 0, 1]), [2, 1, 1], [0, 0]]
