apk_name, have_lib, [arm64-v8a, armeabi-v7a, armeabi, x86, x86_64, mips, mips64, other], native-activity, ([jni_method_total_num, static_num, nostatic_num], [total_all_type, total_basic_type, total_icc_type, total_complex_type, total_complex_type]), [so_total_num, so_Java_num, so_onLoad_num], [have_other_elf, have_pwd_zip]
['org.zakky.memopad_3', 0, [0, 0, 0, 0, 0, 0, 0, 0], 0, ([0, 0, 0], [0, 0, 0, 0]), [0, 0, 0], [0, 0]]
['fr.nuage.souvenirs_39', 0, [0, 0, 0, 0, 0, 0, 0, 0], 0, ([0, 0, 0], [0, 0, 0, 0]), [0, 0, 0], [0, 0]]
['troop.com.freedcam_282', 1, [1, 1, 0, 1, 1, 0, 0, 0], 0, ([109, 4, 105], [393, 277, 0, 116]), [5, 2, 1], [0, 0]]
['pro.oblivioncoding.fluffy_board_33112291', 1, [1, 1, 0, 0, 1, 0, 0, 0], 0, ([35, 4, 31], [129, 115, 1, 13]), [2, 0, 1], [0, 0]]
['org.tuxpaint_9340', 1, [1, 0, 0, 0, 0, 0, 0, 0], 0, ([54, 46, 8], [145, 143, 0, 2]), [97, 2, 1], [0, 0]]
['com.mshdabiola.playnotepad.foss_137', 1, [1, 1, 0, 1, 1, 0, 0, 0], 0, ([12, 4, 8], [30, 29, 0, 1]), [2, 1, 1], [0, 0]]
['anupam.acrylic_19', 0, [0, 0, 0, 0, 0, 0, 0, 0], 0, ([0, 0, 0], [0, 0, 0, 0]), [0, 0, 0], [0, 0]]
['com.therealbluepandabear.pixapencil_26', 1, [1, 1, 0, 1, 1, 0, 0, 0], 0, ([18, 18, 0], [83, 48, 0, 35]), [5, 4, 0], [0, 0]]
['com.kjxbyz.picguard_436', 1, [1, 1, 0, 1, 1, 0, 0, 0], 0, ([52, 14, 38], [179, 160, 1, 18]), [5, 2, 1], [0, 0]]
['unisiegen.photographers.activity_11', 0, [0, 0, 0, 0, 0, 0, 0, 0], 0, ([0, 0, 0], [0, 0, 0, 0]), [0, 0, 0], [0, 0]]
['com.mrl.pixiv_10013', 1, [1, 1, 0, 1, 1, 0, 0, 0], 0, ([8, 0, 8], [24, 23, 0, 1]), [2, 1, 1], [0, 0]]
['com.benny.pxerstudio_9', 0, [0, 0, 0, 0, 0, 0, 0, 0], 0, ([0, 0, 0], [0, 0, 0, 0]), [0, 0, 0], [0, 0]]
['net.drawpile_2020204004', 1, [0, 0, 0, 0, 1, 0, 0, 0], 0, ([100, 93, 7], [281, 261, 1, 19]), [34, 1, 4], [0, 0]]
['de.kaffeemitkoffein.feinstaubwidget_34', 0, [0, 0, 0, 0, 0, 0, 0, 0], 0, ([0, 0, 0], [0, 0, 0, 0]), [0, 0, 0], [0, 0]]
['de.k3b.android.camerafolder_4', 0, [0, 0, 0, 0, 0, 0, 0, 0], 0, ([0, 0, 0], [0, 0, 0, 0]), [0, 0, 0], [0, 0]]
['com.gmail.mugcuposup.android_1', 0, [0, 0, 0, 0, 0, 0, 0, 0], 0, ([0, 0, 0], [0, 0, 0, 0]), [0, 0, 0], [0, 0]]
['org.secuso.privacyfriendlysketching_2', 1, [1, 1, 0, 1, 1, 0, 0, 0], 0, ([62, 7, 55], [140, 135, 0, 5]), [1, 0, 1], [0, 0]]
['com.developerfromjokela.motioneyeclient_10000008', 0, [0, 0, 0, 0, 0, 0, 0, 0], 0, ([0, 0, 0], [0, 0, 0, 0]), [0, 0, 0], [0, 0]]
['com.gtp.showapicturetoyourfriend_5', 0, [0, 0, 0, 0, 0, 0, 0, 0], 0, ([0, 0, 0], [0, 0, 0, 0]), [0, 0, 0], [0, 0]]
['com.rj.pixelesque_7', 0, [0, 0, 0, 0, 0, 0, 0, 0], 0, ([0, 0, 0], [0, 0, 0, 0]), [0, 0, 0], [0, 0]]
['com.perol.asdpl.play.pixivez.libre_118', 1, [1, 1, 1, 1, 1, 1, 1, 0], 0, ([85, 19, 66], [246, 243, 0, 3]), [2, 1, 1], [0, 0]]
['mobi.omegacentauri.SendReduced_2800', 0, [0, 0, 0, 0, 0, 0, 0, 0], 0, ([0, 0, 0], [0, 0, 0, 0]), [0, 0, 0], [0, 0]]
['com.github.msx80.retrodrawing_4', 1, [1, 1, 0, 0, 0, 0, 0, 0], 0, ([59, 59, 0], [326, 285, 0, 41]), [1, 1, 0], [0, 0]]
['org.appsroid.fxpro_1', 0, [0, 0, 0, 0, 0, 0, 0, 0], 0, ([0, 0, 0], [0, 0, 0, 0]), [0, 0, 0], [0, 0]]
['rocks.poopjournal.metadataremover_20020', 0, [0, 0, 0, 0, 0, 0, 0, 0], 0, ([0, 0, 0], [0, 0, 0, 0]), [0, 0, 0], [0, 0]]
['com.gmail.altakey.effy_9', 0, [0, 0, 0, 0, 0, 0, 0, 0], 0, ([0, 0, 0], [0, 0, 0, 0]), [0, 0, 0], [0, 0]]
['io.github.vendelin8.elements_1003', 1, [1, 0, 0, 0, 0, 0, 0, 0], 0, ([91, 18, 73], [244, 175, 4, 65]), [2, 0, 1], [0, 0]]
['com.dede.android_eggs_57', 1, [1, 1, 0, 1, 1, 0, 0, 0], 0, ([8, 0, 8], [24, 23, 0, 1]), [1, 0, 1], [0, 0]]
['rodrigodavy.com.github.pixelartist_4', 0, [0, 0, 0, 0, 0, 0, 0, 0], 0, ([0, 0, 0], [0, 0, 0, 0]), [0, 0, 0], [0, 0]]
['ua.com.radiokot.photoprism_49', 0, [0, 0, 0, 0, 0, 0, 0, 0], 0, ([0, 0, 0], [0, 0, 0, 0]), [0, 0, 0], [0, 0]]
['de.kaffeemitkoffein.imagepipe_51', 0, [0, 0, 0, 0, 0, 0, 0, 0], 0, ([0, 0, 0], [0, 0, 0, 0]), [0, 0, 0], [0, 0]]
['dev.alexjyong.babbypaint_6', 0, [0, 0, 0, 0, 0, 0, 0, 0], 0, ([0, 0, 0], [0, 0, 0, 0]), [0, 0, 0], [0, 0]]
['io.github.doubi88.slideshowwallpaper_11', 0, [0, 0, 0, 0, 0, 0, 0, 0], 0, ([0, 0, 0], [0, 0, 0, 0]), [0, 0, 0], [0, 0]]
['org.andresoviedo.dddmodel2_36', 0, [0, 0, 0, 0, 0, 0, 0, 0], 0, ([0, 0, 0], [0, 0, 0, 0]), [0, 0, 0], [0, 0]]
['com.xatik.app.droiddraw.client_4', 0, [0, 0, 0, 0, 0, 0, 0, 0], 0, ([0, 0, 0], [0, 0, 0, 0]), [0, 0, 0], [0, 0]]
['zen.meditation.android_1644109', 0, [0, 0, 0, 0, 0, 0, 0, 0], 0, ([0, 0, 0], [0, 0, 0, 0]), [0, 0, 0], [0, 0]]
['io.github.pastthepixels.freepaint_5', 1, [1, 0, 0, 0, 0, 0, 0, 0], 0, ([7, 7, 0], [18, 17, 0, 1]), [1, 0, 1], [0, 0]]
['org.fossify.gallery_9', 1, [1, 1, 0, 1, 1, 0, 0, 0], 0, ([69, 22, 47], [239, 211, 0, 28]), [13, 4, 4], [0, 0]]
['org.fossify.paint_1', 1, [1, 1, 0, 1, 1, 0, 0, 0], 0, ([8, 0, 8], [24, 23, 0, 1]), [1, 0, 1], [0, 0]]
['com.todobom.opennotescanner_35', 0, [0, 0, 0, 0, 0, 0, 0, 0], 0, ([1180, 1180, 0], [5368, 5366, 0, 2]), [0, 0, 0], [0, 0]]
['com.wrmndfzzy.atomize_1', 1, [0, 1, 0, 0, 0, 0, 0, 0], 0, ([1, 1, 0], [3, 3, 0, 0]), [1, 1, 1], [0, 0]]
['org.krita_5011804', 1, [0, 0, 0, 0, 1, 0, 0, 0], 0, ([96, 89, 7], [244, 223, 1, 20]), [258, 3, 4], [0, 0]]
['com.nesbox.tic_10100', 1, [1, 0, 0, 0, 0, 0, 0, 0], 0, ([50, 42, 8], [134, 133, 0, 1]), [1, 1, 1], [0, 0]]
['com.burhanrashid52.photoediting_10', 0, [0, 0, 0, 0, 0, 0, 0, 0], 0, ([0, 0, 0], [0, 0, 0, 0]), [0, 0, 0], [0, 0]]
['deckers.thibault.aves.libre_14204', 1, [0, 0, 0, 0, 1, 0, 0, 0], 0, ([49, 11, 38], [172, 148, 2, 22]), [9, 2, 1], [0, 0]]
['org.totschnig.ocr.tesseract_8', 1, [1, 1, 0, 1, 1, 0, 0, 0], 0, ([19, 10, 9], [53, 52, 0, 1]), [4, 2, 2], [0, 0]]
['com.openstablediffusion_24', 0, [0, 0, 0, 0, 0, 0, 0, 0], 0, ([0, 0, 0], [0, 0, 0, 0]), [0, 0, 0], [0, 0]]
['com.gluege.nightlight_2', 0, [0, 0, 0, 0, 0, 0, 0, 0], 0, ([0, 0, 0], [0, 0, 0, 0]), [0, 0, 0], [0, 0]]
['com.shifthackz.aisdv1.app.foss_186', 1, [1, 1, 0, 1, 1, 0, 0, 0], 0, ([155, 29, 126], [654, 632, 0, 22]), [3, 1, 2], [0, 0]]
['io.github.subhamtyagi.ocr_14', 1, [1, 1, 0, 1, 1, 0, 0, 0], 0, ([22, 13, 9], [77, 75, 0, 2]), [4, 2, 2], [0, 0]]
['org.catrobat.paintroid_52', 0, [0, 0, 0, 0, 0, 0, 0, 0], 0, ([0, 0, 0], [0, 0, 0, 0]), [0, 0, 0], [0, 0]]
['systems.sieber.fsclock_34', 0, [0, 0, 0, 0, 0, 0, 0, 0], 0, ([0, 0, 0], [0, 0, 0, 0]), [0, 0, 0], [0, 0]]
['com.vincentengelsoftware.vesandroidimagecompare_43', 0, [0, 0, 0, 0, 0, 0, 0, 0], 0, ([0, 0, 0], [0, 0, 0, 0]), [0, 0, 0], [0, 0]]
['de.cryptobitch.muelli.barcodegen_2', 0, [0, 0, 0, 0, 0, 0, 0, 0], 0, ([0, 0, 0], [0, 0, 0, 0]), [0, 0, 0], [0, 0]]
['ru.tech.imageresizershrinker_163', 1, [1, 1, 1, 1, 1, 0, 0, 0], 0, ([276, 74, 202], [1185, 823, 0, 362]), [38, 22, 6], [0, 0]]
['com.exifthumbnailadder.app_724', 0, [0, 0, 0, 0, 0, 0, 0, 0], 0, ([0, 0, 0], [0, 0, 0, 0]), [0, 0, 0], [0, 0]]
['com.ero.kinoko_101', 1, [1, 1, 0, 1, 1, 0, 0, 0], 0, ([44, 4, 40], [160, 140, 1, 19]), [8, 3, 4], [0, 0]]
['org.androidsoft.coloring_2', 0, [0, 0, 0, 0, 0, 0, 0, 0], 0, ([0, 0, 0], [0, 0, 0, 0]), [0, 0, 0], [0, 0]]
['com.tmarki.comicmaker_33', 0, [0, 0, 0, 0, 0, 0, 0, 0], 0, ([0, 0, 0], [0, 0, 0, 0]), [0, 0, 0], [0, 0]]
['org.voidptr.swpieview_15', 0, [0, 0, 0, 0, 0, 0, 0, 0], 0, ([0, 0, 0], [0, 0, 0, 0]), [0, 0, 0], [0, 0]]
['de.k3b.android.lossless_jpg_crop_10', 1, [1, 1, 0, 1, 1, 0, 0, 0], 0, ([10, 2, 8], [26, 6, 0, 20]), [5, 0, 3], [0, 0]]
['gallery.memories_12', 0, [0, 0, 0, 0, 0, 0, 0, 0], 0, ([0, 0, 0], [0, 0, 0, 0]), [0, 0, 0], [0, 0]]
['org.atai.TessUI_16', 1, [1, 1, 0, 1, 1, 0, 0, 0], 0, ([109, 76, 33], [345, 343, 0, 2]), [4, 2, 2], [0, 0]]
['org.dsandler.apps.markers_56', 0, [0, 0, 0, 0, 0, 0, 0, 0], 0, ([0, 0, 0], [0, 0, 0, 0]), [0, 0, 0], [0, 0]]
['io.github.freewatermark.mobileapp_7004', 1, [0, 0, 0, 0, 1, 0, 0, 0], 0, ([38, 4, 34], [143, 127, 1, 15]), [2, 0, 1], [0, 0]]
['com.dot.gallery_310204', 1, [1, 0, 0, 0, 0, 0, 0, 0], 0, ([147, 13, 134], [626, 413, 0, 213]), [20, 8, 1], [0, 0]]
['io.github.gsantner.memetastic_73', 0, [0, 0, 0, 0, 0, 0, 0, 0], 0, ([0, 0, 0], [0, 0, 0, 0]), [0, 0, 0], [0, 0]]
['org.lufebe16.lbalance_1021100', 1, [0, 1, 0, 0, 0, 0, 0, 0], 0, ([52, 43, 9], [146, 141, 0, 5]), [11, 2, 1], [0, 0]]
['site.leos.apps.lespas_99', 1, [1, 1, 0, 1, 1, 0, 0, 0], 0, ([63, 63, 0], [173, 166, 0, 7]), [2, 2, 0], [0, 0]]
['cs4295.memecreator_1', 0, [0, 0, 0, 0, 0, 0, 0, 0], 0, ([0, 0, 0], [0, 0, 0, 0]), [0, 0, 0], [0, 0]]
['com.nathanosman.chronosnap_6', 0, [0, 0, 0, 0, 0, 0, 0, 0], 0, ([0, 0, 0], [0, 0, 0, 0]), [0, 0, 0], [0, 0]]
['de.lihotzki.pixelflood_10003', 1, [1, 1, 1, 1, 1, 1, 1, 0], 1, ([0, 0, 0], [0, 0, 0, 0]), [1, 0, 0], [0, 0]]
['de.digisocken.stop_o_moto_95', 1, [0, 1, 1, 1, 0, 0, 0, 0], 0, ([1, 0, 1], [1, 1, 0, 0]), [1, 1, 0], [2, 0]]
['org.jshobbysoft.cameraalign_9', 1, [1, 1, 0, 1, 1, 0, 0, 0], 0, ([5, 5, 0], [65, 45, 0, 20]), [1, 1, 0], [0, 0]]
['com.slavabarkov.tidy_2', 1, [1, 1, 0, 1, 1, 0, 0, 0], 0, ([111, 20, 91], [436, 417, 0, 19]), [2, 1, 1], [0, 0]]
['eu.quelltext.coloring_8', 0, [0, 0, 0, 0, 0, 0, 0, 0], 0, ([0, 0, 0], [0, 0, 0, 0]), [0, 0, 0], [0, 0]]
['com.code61.deadpixel_2', 0, [0, 0, 0, 0, 0, 0, 0, 0], 0, ([0, 0, 0], [0, 0, 0, 0]), [0, 0, 0], [0, 0]]
['com.tomer.draw_100', 0, [0, 0, 0, 0, 0, 0, 0, 0], 0, ([0, 0, 0], [0, 0, 0, 0]), [0, 0, 0], [0, 0]]
['com.github.vauvenal5.yaga_4300', 1, [1, 1, 0, 0, 1, 0, 0, 0], 0, ([119, 19, 100], [282, 195, 4, 83]), [2, 0, 1], [0, 0]]
