apk_name, have_lib, [arm64-v8a, armeabi-v7a, armeabi, x86, x86_64, mips, mips64, other], native-activity, ([jni_method_total_num, static_num, nostatic_num], [total_all_type, total_basic_type, total_icc_type, total_complex_type, total_complex_type]), [so_total_num, so_Java_num, so_onLoad_num], [have_other_elf, have_pwd_zip]
['org.jfet.batsHIIT_6', 0, [0, 0, 0, 0, 0, 0, 0, 0], 0, ([0, 0, 0], [0, 0, 0, 0]), [0, 0, 0], [0, 0]]
['com.futsch1.medtimer_97', 0, [0, 0, 0, 0, 0, 0, 0, 0], 0, ([0, 0, 0], [0, 0, 0, 0]), [0, 0, 0], [0, 0]]
['ch.abertschi.waterme.water_me_8', 1, [1, 1, 0, 0, 1, 0, 0, 0], 0, ([38, 4, 34], [143, 127, 1, 15]), [2, 0, 1], [0, 0]]
['io.github.maocypher.dogsportsdiary_12', 1, [1, 1, 0, 0, 1, 0, 0, 0], 0, ([42, 4, 38], [152, 135, 1, 16]), [2, 0, 1], [0, 0]]
['xyz.zedler.patrick.grocy_59', 1, [1, 1, 0, 1, 1, 0, 0, 0], 0, ([288, 288, 0], [940, 715, 0, 225]), [1, 0, 1], [0, 0]]
['namlit.siteswapgenerator_37', 0, [0, 0, 0, 0, 0, 0, 0, 0], 0, ([0, 0, 0], [0, 0, 0, 0]), [0, 0, 0], [0, 0]]
['grmpl.mk.stepandheightcounter_8', 0, [0, 0, 0, 0, 0, 0, 0, 0], 0, ([0, 0, 0], [0, 0, 0, 0]), [0, 0, 0], [0, 0]]
['eu.zimbelstern.tournant_28', 0, [0, 0, 0, 0, 0, 0, 0, 0], 0, ([0, 0, 0], [0, 0, 0, 0]), [0, 0, 0], [0, 0]]
['io.github.friesi23.mhabit_62', 1, [1, 1, 0, 0, 1, 0, 0, 0], 0, ([41, 4, 37], [151, 134, 1, 16]), [2, 0, 1], [0, 0]]
['com.sleeptimer_8', 0, [0, 0, 0, 0, 0, 0, 0, 0], 0, ([0, 0, 0], [0, 0, 0, 0]), [0, 0, 0], [0, 0]]
['com.github.characterdog.bmicalculator_3', 0, [0, 0, 0, 0, 0, 0, 0, 0], 0, ([0, 0, 0], [0, 0, 0, 0]), [0, 0, 0], [0, 0]]
['com.antonok.warpclock_3', 0, [0, 0, 0, 0, 0, 0, 0, 0], 0, ([0, 0, 0], [0, 0, 0, 0]), [0, 0, 0], [0, 0]]
['com.mmazzarolo.breathly_3145747', 1, [1, 1, 0, 1, 1, 0, 0, 0], 0, ([318, 140, 178], [775, 632, 0, 143]), [55, 0, 17], [0, 0]]
['com.noahjutz.gymroutines_47', 0, [0, 0, 0, 0, 0, 0, 0, 0], 0, ([0, 0, 0], [0, 0, 0, 0]), [0, 0, 0], [0, 0]]
['com.lubenard.oring_reminder_15', 1, [1, 1, 0, 1, 1, 1, 1, 0], 0, ([25, 0, 25], [86, 77, 0, 9]), [5, 1, 0], [0, 0]]
['com.mensinator.app_23', 1, [1, 1, 0, 1, 1, 0, 0, 0], 0, ([8, 0, 8], [24, 23, 0, 1]), [1, 0, 1], [0, 0]]
['net.ser1.forage_43']
['de.dennisguse.opentracks_6028', 0, [0, 0, 0, 0, 0, 0, 0, 0], 0, ([0, 0, 0], [0, 0, 0, 0]), [0, 0, 0], [0, 0]]
['com.vanderbie.heart_rate_monitor_1', 0, [0, 0, 0, 0, 0, 0, 0, 0], 0, ([0, 0, 0], [0, 0, 0, 0]), [0, 0, 0], [0, 0]]
['com.health.openworkout_15', 0, [0, 0, 0, 0, 0, 0, 0, 0], 0, ([0, 0, 0], [0, 0, 0, 0]), [0, 0, 0], [0, 0]]
['io.librehealth.mhbs.essential_care_for_every_baby_1', 1, [1, 1, 0, 0, 1, 0, 0, 0], 0, ([35, 4, 31], [129, 115, 1, 13]), [2, 0, 1], [0, 0]]
['com.flauschcode.broccoli_1030100', 0, [0, 0, 0, 0, 0, 0, 0, 0], 0, ([0, 0, 0], [0, 0, 0, 0]), [0, 0, 0], [0, 0]]
['de.kitshn.android_1170', 1, [1, 1, 0, 1, 1, 0, 0, 0], 0, ([8, 0, 8], [24, 23, 0, 1]), [2, 1, 1], [0, 0]]
['org.openpetfoodfacts.scanner_582', 1, [1, 1, 0, 1, 1, 0, 0, 0], 0, ([127, 28, 99], [235, 110, 5, 120]), [2, 1, 0], [0, 0]]
['de.dennisguse.opentracks.playstore_6028', 0, [0, 0, 0, 0, 0, 0, 0, 0], 0, ([0, 0, 0], [0, 0, 0, 0]), [0, 0, 0], [0, 0]]
['com.isaakhanimann.journal_57', 1, [1, 1, 0, 1, 1, 0, 0, 0], 0, ([8, 0, 8], [24, 23, 0, 1]), [2, 1, 1], [0, 0]]
['at.jclehner.rxdroid_9380', 0, [0, 0, 0, 0, 0, 0, 0, 0], 0, ([0, 0, 0], [0, 0, 0, 0]), [0, 0, 0], [0, 0]]
['de.beocode.bestbefore_4', 0, [0, 0, 0, 0, 0, 0, 0, 0], 0, ([0, 0, 0], [0, 0, 0, 0]), [0, 0, 0], [0, 0]]
['com.nazmar.dicegainz_4', 0, [0, 0, 0, 0, 0, 0, 0, 0], 0, ([0, 0, 0], [0, 0, 0, 0]), [0, 0, 0], [0, 0]]
['com.matt.bolton_9', 0, [0, 0, 0, 0, 0, 0, 0, 0], 0, ([0, 0, 0], [0, 0, 0, 0]), [0, 0, 0], [0, 0]]
['org.grapentin.apps.exceer_230', 0, [0, 0, 0, 0, 0, 0, 0, 0], 0, ([0, 0, 0], [0, 0, 0, 0]), [0, 0, 0], [0, 0]]
['com.samco.trackandgraph_400003', 1, [1, 1, 0, 1, 1, 0, 0, 0], 0, ([8, 0, 8], [24, 23, 0, 1]), [1, 0, 1], [0, 0]]
['io.neurolab_1', 0, [0, 0, 0, 0, 0, 0, 0, 0], 0, ([3520, 348, 3172], [21112, 19249, 0, 1863]), [0, 0, 0], [0, 0]]
['org.woheller69.audiometry_200', 0, [0, 0, 0, 0, 0, 0, 0, 0], 0, ([0, 0, 0], [0, 0, 0, 0]), [0, 0, 0], [0, 0]]
['com.jwetherell.heart_rate_monitor_1', 0, [0, 0, 0, 0, 0, 0, 0, 0], 0, ([0, 0, 0], [0, 0, 0, 0]), [0, 0, 0], [0, 0]]
['de.csicar.mensaplan_4', 0, [0, 0, 0, 0, 0, 0, 0, 0], 0, ([0, 0, 0], [0, 0, 0, 0]), [0, 0, 0], [0, 0]]
['com.exner.tools.meditationtimer_5', 1, [1, 1, 0, 1, 1, 0, 0, 0], 0, ([0, 0, 0], [0, 0, 0, 0]), [1, 1, 0], [0, 0]]
['eu.berdosi.app.heartbeat_5', 0, [0, 0, 0, 0, 0, 0, 0, 0], 0, ([0, 0, 0], [0, 0, 0, 0]), [0, 0, 0], [0, 0]]
['io.menu_generator_104', 1, [0, 0, 0, 0, 1, 0, 0, 0], 0, ([21, 0, 21], [41, 37, 0, 4]), [1, 1, 0], [0, 0]]
['com.blockbasti.justanotherworkouttimer_20230929', 1, [1, 1, 0, 0, 1, 0, 0, 0], 0, ([38, 4, 34], [143, 127, 1, 15]), [2, 0, 1], [0, 0]]
['ch.bailu.aat_40', 0, [0, 0, 0, 0, 0, 0, 0, 0], 0, ([0, 0, 0], [0, 0, 0, 0]), [0, 0, 0], [0, 0]]
['com.mattmaniak.rubbishCalc_2', 1, [1, 1, 0, 0, 1, 0, 0, 0], 0, ([31, 4, 27], [113, 101, 1, 11]), [2, 0, 1], [0, 0]]
['com.baldo.bob_6', 1, [1, 1, 0, 1, 1, 0, 0, 0], 0, ([4, 0, 4], [8, 8, 0, 0]), [1, 1, 0], [0, 0]]
['com.colnix.fta_23', 0, [0, 0, 0, 0, 0, 0, 0, 0], 0, ([0, 0, 0], [0, 0, 0, 0]), [0, 0, 0], [0, 0]]
['com.exner.tools.fototimer_11', 1, [1, 1, 0, 1, 1, 0, 0, 0], 0, ([0, 0, 0], [0, 0, 0, 0]), [1, 1, 0], [0, 0]]
['eu.quelltext.mundraub_237', 0, [0, 0, 0, 0, 0, 0, 0, 0], 0, ([0, 0, 0], [0, 0, 0, 0]), [0, 0, 0], [0, 0]]
['io.naox.inbe_36', 1, [1, 1, 0, 0, 1, 0, 0, 0], 0, ([41, 4, 37], [151, 134, 1, 16]), [2, 0, 1], [0, 0]]
['de.storchp.opentracks.osmplugin_49', 1, [1, 1, 0, 1, 1, 0, 0, 0], 0, ([35, 35, 0], [139, 138, 0, 1]), [1, 1, 0], [0, 0]]
['org.kde.bettercounter_41002', 0, [0, 0, 0, 0, 0, 0, 0, 0], 0, ([0, 0, 0], [0, 0, 0, 0]), [0, 0, 0], [0, 0]]
['com.polar.mirror_4', 1, [1, 1, 0, 1, 1, 0, 0, 0], 0, ([6, 6, 0], [78, 54, 0, 24]), [1, 1, 0], [0, 0]]
['com.markusborg.test_20', 0, [0, 0, 0, 0, 0, 0, 0, 0], 0, ([0, 0, 0], [0, 0, 0, 0]), [0, 0, 0], [0, 0]]
['br.com.gualandi.dailypill_14', 0, [0, 0, 0, 0, 0, 0, 0, 0], 0, ([0, 0, 0], [0, 0, 0, 0]), [0, 0, 0], [0, 0]]
['es.ideotec.workouttime_13', 1, [1, 1, 0, 0, 1, 0, 0, 0], 0, ([36, 5, 31], [134, 120, 1, 13]), [2, 0, 1], [0, 0]]
['hu.vmiklos.plees_tracker_60', 0, [0, 0, 0, 0, 0, 0, 0, 0], 0, ([0, 0, 0], [0, 0, 0, 0]), [0, 0, 0], [0, 0]]
['com.github.ashutoshgngwr.noice_72', 0, [0, 0, 0, 0, 0, 0, 0, 0], 0, ([0, 0, 0], [0, 0, 0, 0]), [0, 0, 0], [0, 0]]
['com.voklen.daily_diary_15', 1, [1, 1, 0, 0, 1, 0, 0, 0], 0, ([145, 29, 116], [350, 218, 5, 127]), [2, 0, 1], [0, 0]]
['net.foucry.pilldroid_350', 0, [0, 0, 0, 0, 0, 0, 0, 0], 0, ([0, 0, 0], [0, 0, 0, 0]), [0, 0, 0], [0, 0]]
['openfoodfacts.github.scrachx.openfood_1434', 1, [1, 1, 0, 1, 1, 0, 0, 0], 0, ([59, 21, 38], [259, 215, 1, 43]), [7, 3, 1], [0, 0]]
['com.dessalines.habitmaker_15', 1, [1, 1, 0, 1, 1, 0, 0, 0], 0, ([8, 0, 8], [24, 23, 0, 1]), [1, 0, 1], [0, 0]]
['de.tadris.fitness_1560', 0, [0, 0, 0, 0, 0, 0, 0, 0], 0, ([0, 0, 0], [0, 0, 0, 0]), [0, 0, 0], [0, 0]]
['com.yacgroup.yacguide_8000', 0, [0, 0, 0, 0, 0, 0, 0, 0], 0, ([0, 0, 0], [0, 0, 0, 0]), [0, 0, 0], [0, 0]]
['de.box2code.marschride_11', 1, [1, 1, 0, 0, 1, 0, 0, 0], 0, ([37, 4, 33], [141, 125, 1, 15]), [2, 0, 1], [0, 0]]
['nodo.crogers.exercisereminders_10', 0, [0, 0, 0, 0, 0, 0, 0, 0], 0, ([0, 0, 0], [0, 0, 0, 0]), [0, 0, 0], [0, 0]]
['org.isoron.uhabits_20200', 0, [0, 0, 0, 0, 0, 0, 0, 0], 0, ([0, 0, 0], [0, 0, 0, 0]), [0, 0, 0], [0, 0]]
['sh.ftp.rocketninelabs.meditationassistant.opensource_169', 0, [0, 0, 0, 0, 0, 0, 0, 0], 0, ([0, 0, 0], [0, 0, 0, 0]), [0, 0, 0], [0, 0]]
['com.gitlab.schaerphix_tool_nideau.nideau_2', 1, [1, 0, 0, 0, 0, 0, 0, 0], 0, ([52, 43, 9], [146, 141, 0, 5]), [13, 2, 1], [0, 0]]
['com.presley.fit_book_983', 1, [1, 0, 0, 0, 0, 0, 0, 0], 0, ([42, 4, 38], [152, 135, 1, 16]), [3, 0, 1], [0, 0]]
['io.github.engsergiu.react_4', 0, [0, 0, 0, 0, 0, 0, 0, 0], 0, ([0, 0, 0], [0, 0, 0, 0]), [0, 0, 0], [0, 0]]
['ch.thgoebel.spartathlonapp_11', 1, [1, 1, 0, 0, 0, 0, 0, 0], 0, ([24, 5, 19], [94, 83, 1, 10]), [2, 0, 1], [0, 0]]
['org.noise_planet.noisecapture_59', 0, [0, 0, 0, 0, 0, 0, 0, 0], 0, ([0, 0, 0], [0, 0, 0, 0]), [0, 0, 0], [0, 0]]
['com.kmac5dev.mindfulnotifier_45', 1, [1, 1, 0, 0, 1, 0, 0, 0], 0, ([37, 4, 33], [141, 125, 1, 15]), [2, 0, 1], [0, 0]]
['de.storchp.opentracks.osmplugin.offline_49', 1, [1, 1, 0, 1, 1, 0, 0, 0], 0, ([35, 35, 0], [139, 138, 0, 1]), [1, 1, 0], [0, 0]]
['de.arnowelzel.android.periodical_102', 0, [0, 0, 0, 0, 0, 0, 0, 0], 0, ([0, 0, 0], [0, 0, 0, 0]), [0, 0, 0], [0, 0]]
['com.bagaturchess_138', 0, [0, 0, 0, 0, 0, 0, 0, 0], 0, ([5, 5, 0], [39, 39, 0, 0]), [0, 0, 0], [0, 0]]
['dev.corruptedark.diditakemymeds_35', 0, [0, 0, 0, 0, 0, 0, 0, 0], 0, ([0, 0, 0], [0, 0, 0, 0]), [0, 0, 0], [0, 0]]
['be.ac.ulb.lisa.idot.android.dicomviewer_5', 0, [0, 0, 0, 0, 0, 0, 0, 0], 0, ([0, 0, 0], [0, 0, 0, 0]), [0, 0, 0], [0, 0]]
['com.yacgroup.yacguide.dev_20240326', 0, [0, 0, 0, 0, 0, 0, 0, 0], 0, ([0, 0, 0], [0, 0, 0, 0]), [0, 0, 0], [0, 0]]
['de.codecivil.habsgleich_10802', 0, [0, 0, 0, 0, 0, 0, 0, 0], 0, ([0, 0, 0], [0, 0, 0, 0]), [0, 0, 0], [0, 0]]
['edu.rit.csh.devin_5', 1, [1, 1, 0, 0, 1, 0, 0, 0], 0, ([38, 4, 34], [143, 127, 1, 15]), [2, 0, 1], [0, 0]]
['de.felixnuesse.timedsilence_9', 0, [0, 0, 0, 0, 0, 0, 0, 0], 0, ([0, 0, 0], [0, 0, 0, 0]), [0, 0, 0], [0, 0]]
['org.nutritionfacts.dailydozen_91', 0, [0, 0, 0, 0, 0, 0, 0, 0], 0, ([0, 0, 0], [0, 0, 0, 0]), [0, 0, 0], [0, 0]]
['com.chaser.paintballnotificator_10201', 0, [0, 0, 0, 0, 0, 0, 0, 0], 0, ([91, 91, 0], [285, 271, 0, 14]), [0, 0, 0], [0, 0]]
['com.nyxkn.meditation_1703', 1, [1, 0, 0, 0, 0, 0, 0, 0], 0, ([41, 4, 37], [151, 134, 1, 16]), [2, 0, 1], [0, 0]]
['com.ktprograms.watertracker_5', 0, [0, 0, 0, 0, 0, 0, 0, 0], 0, ([0, 0, 0], [0, 0, 0, 0]), [0, 0, 0], [0, 0]]
['de.cyberit.wasgeht_11', 0, [0, 0, 0, 0, 0, 0, 0, 0], 0, ([0, 0, 0], [0, 0, 0, 0]), [0, 0, 0], [0, 0]]
['de.micmun.android.nextcloudcookbook_302', 0, [0, 0, 0, 0, 0, 0, 0, 0], 0, ([0, 0, 0], [0, 0, 0, 0]), [0, 0, 0], [0, 0]]
['com.DartChecker_40', 0, [0, 0, 0, 0, 0, 0, 0, 0], 0, ([0, 0, 0], [0, 0, 0, 0]), [0, 0, 0], [0, 0]]
['com.drip_42', 1, [1, 1, 0, 1, 1, 0, 0, 0], 0, ([218, 132, 86], [560, 466, 0, 94]), [52, 1, 14], [0, 0]]
['de.neuwirthinformatik.alexander.archerystats_6', 0, [0, 0, 0, 0, 0, 0, 0, 0], 0, ([0, 0, 0], [0, 0, 0, 0]), [0, 0, 0], [0, 0]]
['ch.nilsgrob.android.bluemoon_6', 0, [0, 0, 0, 0, 0, 0, 0, 0], 0, ([0, 0, 0], [0, 0, 0, 0]), [0, 0, 0], [0, 0]]
['com.addictologs_1', 1, [1, 1, 0, 1, 1, 0, 0, 0], 0, ([359, 190, 169], [796, 644, 0, 152]), [18, 2, 9], [0, 0]]
['br.com.frs.foodrestrictions_2', 0, [0, 0, 0, 0, 0, 0, 0, 0], 0, ([0, 0, 0], [0, 0, 0, 0]), [0, 0, 0], [0, 0]]
['de.swgross.calorimeter_6', 1, [1, 1, 0, 0, 1, 0, 0, 0], 0, ([42, 4, 38], [152, 135, 1, 16]), [2, 0, 1], [0, 0]]
['org.secuso.privacyfriendlyintervaltimer_5', 0, [0, 0, 0, 0, 0, 0, 0, 0], 0, ([0, 0, 0], [0, 0, 0, 0]), [0, 0, 0], [0, 0]]
['ca.momi.lift_2', 0, [0, 0, 0, 0, 0, 0, 0, 0], 0, ([0, 0, 0], [0, 0, 0, 0]), [0, 0, 0], [0, 0]]
['org.secuso.privacyfriendlyfoodtracker_6', 1, [1, 1, 0, 1, 1, 0, 0, 0], 0, ([62, 7, 55], [140, 135, 0, 5]), [1, 0, 1], [0, 0]]
['com.jithware.brethap_126', 1, [1, 1, 0, 0, 1, 0, 0, 0], 0, ([99, 22, 77], [255, 178, 4, 73]), [2, 0, 1], [0, 0]]
['com.github.yeriomin.workoutlog_2', 0, [0, 0, 0, 0, 0, 0, 0, 0], 0, ([0, 0, 0], [0, 0, 0, 0]), [0, 0, 0], [0, 0]]
['lying.fengfeng.foodrecords_14', 1, [1, 1, 0, 1, 1, 0, 0, 0], 0, ([6, 6, 0], [78, 54, 0, 24]), [1, 1, 0], [0, 0]]
['rocks.poopjournal.todont_400', 0, [0, 0, 0, 0, 0, 0, 0, 0], 0, ([0, 0, 0], [0, 0, 0, 0]), [0, 0, 0], [0, 0]]
['de.uni_potsdam.hpi.openmensa_32', 1, [1, 1, 0, 1, 1, 0, 0, 0], 0, ([8, 0, 8], [24, 23, 0, 1]), [1, 0, 1], [0, 0]]
['com.florianthaler.githo_12', 1, [1, 1, 0, 0, 1, 0, 0, 0], 0, ([37, 4, 33], [141, 125, 1, 15]), [2, 0, 1], [0, 0]]
['com.vishnuraghav.EnRecipes_3', 1, [1, 1, 0, 1, 1, 0, 0, 0], 0, ([27, 10, 17], [87, 80, 0, 7]), [1, 1, 1], [0, 0]]
['com.ei.bmicalc_1', 0, [0, 0, 0, 0, 0, 0, 0, 0], 0, ([0, 0, 0], [0, 0, 0, 0]), [0, 0, 0], [0, 0]]
['com.theworld.help.cbtandroid_4', 0, [0, 0, 0, 0, 0, 0, 0, 0], 0, ([0, 0, 0], [0, 0, 0, 0]), [0, 0, 0], [0, 0]]
['it.diab_491', 0, [0, 0, 0, 0, 0, 0, 0, 0], 0, ([0, 0, 0], [0, 0, 0, 0]), [0, 0, 0], [0, 0]]
['com.gk.simpleworkoutjournal_3', 0, [0, 0, 0, 0, 0, 0, 0, 0], 0, ([0, 0, 0], [0, 0, 0, 0]), [0, 0, 0], [0, 0]]
['org.hiittimer.hiittimer_1', 0, [0, 0, 0, 0, 0, 0, 0, 0], 0, ([0, 0, 0], [0, 0, 0, 0]), [0, 0, 0], [0, 0]]
['com.albdav.Cooky_2', 1, [1, 1, 0, 0, 1, 0, 0, 0], 0, ([121, 26, 95], [297, 203, 5, 89]), [2, 0, 1], [0, 0]]
['io.keepalive.android_130', 0, [0, 0, 0, 0, 0, 0, 0, 0], 0, ([0, 0, 0], [0, 0, 0, 0]), [0, 0, 0], [0, 0]]
['ie.delilahsthings.soothingloop_9', 0, [0, 0, 0, 0, 0, 0, 0, 0], 0, ([0, 0, 0], [0, 0, 0, 0]), [0, 0, 0], [0, 0]]
['com.nima.mymood_10', 0, [0, 0, 0, 0, 0, 0, 0, 0], 0, ([0, 0, 0], [0, 0, 0, 0]), [0, 0, 0], [0, 0]]
['com.lligainterm_3', 0, [0, 0, 0, 0, 0, 0, 0, 0], 0, ([0, 0, 0], [0, 0, 0, 0]), [0, 0, 0], [0, 0]]
['ca.chancehorizon.paseo_10605', 0, [0, 0, 0, 0, 0, 0, 0, 0], 0, ([0, 0, 0], [0, 0, 0, 0]), [0, 0, 0], [0, 0]]
['ru.application.homemedkit_48', 1, [1, 1, 0, 1, 1, 0, 0, 0], 0, ([15, 7, 8], [104, 78, 0, 26]), [3, 2, 1], [0, 0]]
['com.headi.app_1200', 0, [0, 0, 0, 0, 0, 0, 0, 0], 0, ([0, 0, 0], [0, 0, 0, 0]), [0, 0, 0], [0, 0]]
['org.subsurface_8', 0, [0, 0, 0, 0, 0, 0, 0, 0], 0, ([0, 0, 0], [0, 0, 0, 0]), [0, 0, 0], [0, 0]]
['openfoodfacts.github.scrachx.openbeauty_582', 1, [1, 1, 0, 1, 1, 0, 0, 0], 0, ([127, 28, 99], [235, 110, 5, 120]), [2, 1, 0], [0, 0]]
['ch.famoser.mensa_29', 0, [0, 0, 0, 0, 0, 0, 0, 0], 0, ([0, 0, 0], [0, 0, 0, 0]), [0, 0, 0], [0, 0]]
['com.atr.hiit_3', 0, [0, 0, 0, 0, 0, 0, 0, 0], 0, ([0, 0, 0], [0, 0, 0, 0]), [0, 0, 0], [0, 0]]
['com.health.openscale_65', 0, [0, 0, 0, 0, 0, 0, 0, 0], 0, ([0, 0, 0], [0, 0, 0, 0]), [0, 0, 0], [0, 0]]
['com.tombursch.kitchenowl_106', 1, [1, 1, 0, 0, 1, 0, 0, 0], 0, ([42, 4, 38], [152, 135, 1, 16]), [2, 0, 1], [0, 0]]
['it.danieleverducci.lunatracker_2', 0, [0, 0, 0, 0, 0, 0, 0, 0], 0, ([0, 0, 0], [0, 0, 0, 0]), [0, 0, 0], [0, 0]]
['com.derdilla.bloodPressureApp_46', 1, [1, 1, 0, 1, 1, 0, 0, 0], 0, ([42, 4, 38], [152, 135, 1, 16]), [3, 1, 1], [0, 0]]
['biz.binarysolutions.mindfulnessmeditation_5', 0, [0, 0, 0, 0, 0, 0, 0, 0], 0, ([0, 0, 0], [0, 0, 0, 0]), [0, 0, 0], [0, 0]]
['com.tjk104.openfndds_1', 0, [0, 0, 0, 0, 0, 0, 0, 0], 0, ([0, 0, 0], [0, 0, 0, 0]), [0, 0, 0], [0, 0]]
['org.mcxa.zephyrlogger_1', 0, [0, 0, 0, 0, 0, 0, 0, 0], 0, ([0, 0, 0], [0, 0, 0, 0]), [0, 0, 0], [0, 0]]
['com.winston69.simpill_20', 0, [0, 0, 0, 0, 0, 0, 0, 0], 0, ([0, 0, 0], [0, 0, 0, 0]), [0, 0, 0], [0, 0]]
['de.wuapps.moredays_24', 0, [0, 0, 0, 0, 0, 0, 0, 0], 0, ([0, 0, 0], [0, 0, 0, 0]), [0, 0, 0], [0, 0]]
['com.theripper.cb_app_1', 1, [1, 1, 0, 0, 1, 0, 0, 0], 0, ([133, 23, 110], [315, 212, 5, 98]), [2, 0, 1], [0, 0]]
['ds.pulsar_7', 0, [0, 0, 0, 0, 0, 0, 0, 0], 0, ([0, 0, 0], [0, 0, 0, 0]), [0, 0, 0], [0, 0]]
['com.massive_36253', 1, [1, 1, 0, 1, 1, 0, 0, 0], 0, ([254, 136, 118], [651, 522, 0, 129]), [60, 0, 19], [0, 0]]
['com.avizitrx.sunrise.signal_13', 0, [0, 0, 0, 0, 0, 0, 0, 0], 0, ([0, 0, 0], [0, 0, 0, 0]), [0, 0, 0], [0, 0]]
['br.com.colman.petals_3035002', 1, [1, 1, 0, 1, 1, 0, 0, 0], 0, ([69, 61, 8], [224, 220, 0, 4]), [3, 1, 2], [0, 0]]
['com.styrkurapp.app_101048', 0, [0, 0, 0, 0, 0, 0, 0, 0], 0, ([0, 0, 0], [0, 0, 0, 0]), [0, 0, 0], [0, 0]]
['org.runnerup.free_21000340', 0, [0, 0, 0, 0, 0, 0, 0, 0], 0, ([0, 0, 0], [0, 0, 0, 0]), [0, 0, 0], [0, 0]]
['org.paladyn.mediclog_21', 0, [0, 0, 0, 0, 0, 0, 0, 0], 0, ([0, 0, 0], [0, 0, 0, 0]), [0, 0, 0], [0, 0]]
['net.curiana.recipes_5', 1, [1, 1, 0, 1, 1, 0, 0, 0], 0, ([22, 0, 22], [42, 38, 0, 4]), [1, 1, 0], [0, 0]]
['org.epstudios.epmobile_85', 0, [0, 0, 0, 0, 0, 0, 0, 0], 0, ([0, 0, 0], [0, 0, 0, 0]), [0, 0, 0], [0, 0]]
['com.faltenreich.diaguard_62', 0, [0, 0, 0, 0, 0, 0, 0, 0], 0, ([0, 0, 0], [0, 0, 0, 0]), [0, 0, 0], [0, 0]]
['de.bloosberg.basti.childresuscalc_1', 0, [0, 0, 0, 0, 0, 0, 0, 0], 0, ([0, 0, 0], [0, 0, 0, 0]), [0, 0, 0], [0, 0]]
['org.secuso.privacyfriendlyactivitytracker_16', 0, [0, 0, 0, 0, 0, 0, 0, 0], 0, ([0, 0, 0], [0, 0, 0, 0]), [0, 0, 0], [0, 0]]
['de.nucleus.foss_warn_32', 1, [1, 1, 0, 0, 1, 0, 0, 0], 0, ([41, 4, 37], [151, 134, 1, 16]), [2, 0, 1], [0, 0]]
['m.co.rh.id.a_medic_log_22', 0, [0, 0, 0, 0, 0, 0, 0, 0], 0, ([0, 0, 0], [0, 0, 0, 0]), [0, 0, 0], [0, 0]]
['io.librehealth.toolkit.cost_of_care_3', 1, [1, 1, 0, 0, 1, 0, 0, 0], 0, ([31, 4, 27], [113, 101, 1, 11]), [2, 0, 1], [0, 0]]
['com.zell_mbc.medilog_5466', 1, [1, 1, 0, 1, 1, 0, 0, 0], 0, ([70, 7, 63], [164, 158, 0, 6]), [2, 0, 2], [0, 0]]
['fr.cap_rel.fr.sagc_plongee.fr.nitroxCalc_6008', 0, [0, 0, 0, 0, 0, 0, 0, 0], 0, ([0, 0, 0], [0, 0, 0, 0]), [0, 0, 0], [0, 0]]
['rocks.poopjournal.fucksgiven_7', 1, [1, 1, 0, 1, 1, 0, 0, 0], 0, ([8, 0, 8], [24, 23, 0, 1]), [1, 0, 1], [0, 0]]
['de.wger.flutter_49', 1, [1, 1, 0, 1, 1, 0, 0, 0], 0, ([47, 9, 38], [217, 180, 1, 36]), [6, 1, 1], [0, 0]]
['io.open_biking_24', 1, [0, 0, 0, 0, 1, 0, 0, 0], 0, ([25, 0, 25], [50, 41, 0, 9]), [1, 1, 1], [0, 0]]
['st.wow.git.hrm_3', 1, [1, 1, 0, 1, 1, 0, 0, 0], 0, ([24, 24, 0], [81, 70, 1, 10]), [1, 1, 0], [0, 0]]
['de.quantumphysique.trale_233', 1, [1, 0, 0, 0, 0, 0, 0, 0], 0, ([42, 4, 38], [152, 135, 1, 16]), [2, 0, 1], [0, 0]]
['org.secuso.privacyfriendlycircuittraining_4', 0, [0, 0, 0, 0, 0, 0, 0, 0], 0, ([0, 0, 0], [0, 0, 0, 0]), [0, 0, 0], [0, 0]]
['org.zerodogg.migraineLog_761', 1, [1, 1, 0, 0, 1, 0, 0, 0], 0, ([41, 4, 37], [152, 135, 1, 16]), [2, 0, 1], [0, 0]]
['com.enjoyingfoss.om_1', 0, [0, 0, 0, 0, 0, 0, 0, 0], 0, ([0, 0, 0], [0, 0, 0, 0]), [0, 0, 0], [0, 0]]
['biz.binarysolutions.mindfulscale_8', 0, [0, 0, 0, 0, 0, 0, 0, 0], 0, ([0, 0, 0], [0, 0, 0, 0]), [0, 0, 0], [0, 0]]
['com.inky.fitnesscalendar_10', 1, [1, 1, 0, 1, 1, 0, 0, 0], 0, ([8, 0, 8], [24, 23, 0, 1]), [2, 1, 1], [0, 0]]
['me.gloeckl.fallasleep_1', 0, [0, 0, 0, 0, 0, 0, 0, 0], 0, ([65, 9, 56], [103, 45, 3, 55]), [0, 0, 0], [0, 0]]
['ca.ddaly.android.heart_3', 0, [0, 0, 0, 0, 0, 0, 0, 0], 0, ([0, 0, 0], [0, 0, 0, 0]), [0, 0, 0], [0, 0]]
['com.apozas.contactdiary_35', 0, [0, 0, 0, 0, 0, 0, 0, 0], 0, ([0, 0, 0], [0, 0, 0, 0]), [0, 0, 0], [0, 0]]
['org.woheller69.eggtimer_30', 0, [0, 0, 0, 0, 0, 0, 0, 0], 0, ([0, 0, 0], [0, 0, 0, 0]), [0, 0, 0], [0, 0]]
['com.willbsp.habits_3', 0, [0, 0, 0, 0, 0, 0, 0, 0], 0, ([0, 0, 0], [0, 0, 0, 0]), [0, 0, 0], [0, 0]]
['com.nathaniel.motus.cavevin_4', 0, [0, 0, 0, 0, 0, 0, 0, 0], 0, ([0, 0, 0], [0, 0, 0, 0]), [0, 0, 0], [0, 0]]
['com.presley.flexify_2093', 1, [1, 0, 0, 0, 0, 0, 0, 0], 0, ([42, 4, 38], [152, 135, 1, 16]), [3, 0, 1], [0, 0]]
['dev.randombits.intervaltimer_11', 0, [0, 0, 0, 0, 0, 0, 0, 0], 0, ([0, 0, 0], [0, 0, 0, 0]), [0, 0, 0], [0, 0]]
['org.glucosio.android_38', 1, [1, 1, 1, 1, 1, 1, 0, 0], 0, ([146, 25, 121], [455, 450, 0, 5]), [1, 1, 1], [0, 0]]
['com.katiearose.sobriety_22', 0, [0, 0, 0, 0, 0, 0, 0, 0], 0, ([90, 20, 70], [163, 64, 5, 94]), [0, 0, 0], [0, 0]]
['com.waist.line_30902', 0, [0, 0, 0, 0, 0, 0, 0, 0], 0, ([0, 0, 0], [0, 0, 0, 0]), [0, 0, 0], [0, 0]]
['de.nulide.bikecomputer_6', 0, [0, 0, 0, 0, 0, 0, 0, 0], 0, ([0, 0, 0], [0, 0, 0, 0]), [0, 0, 0], [0, 0]]
['org.secuso.privacyfriendlypausinghealthily_8', 0, [0, 0, 0, 0, 0, 0, 0, 0], 0, ([0, 0, 0], [0, 0, 0, 0]), [0, 0, 0], [0, 0]]
['com.log28_12', 1, [1, 1, 0, 1, 1, 0, 0, 0], 0, ([207, 147, 60], [625, 615, 0, 10]), [1, 1, 1], [0, 0]]
['org.ledjlale.Nutrixious_100013', 1, [1, 0, 0, 0, 0, 0, 0, 0], 0, ([118, 99, 19], [325, 305, 0, 20]), [117, 1, 4], [0, 0]]
['de.markusfisch.android.libra_23', 0, [0, 0, 0, 0, 0, 0, 0, 0], 0, ([0, 0, 0], [0, 0, 0, 0]), [0, 0, 0], [0, 0]]
['com.flasskamp.energize_26', 1, [1, 1, 0, 0, 1, 0, 0, 0], 0, ([42, 4, 38], [152, 135, 1, 16]), [2, 0, 1], [0, 0]]
['io.github.z3r0c00l_2k.aquadroid_5', 0, [0, 0, 0, 0, 0, 0, 0, 0], 0, ([0, 0, 0], [0, 0, 0, 0]), [0, 0, 0], [0, 0]]
['com.zola.bmi_402', 0, [0, 0, 0, 0, 0, 0, 0, 0], 0, ([0, 0, 0], [0, 0, 0, 0]), [0, 0, 0], [0, 0]]
['net.stargw.fat_15', 0, [0, 0, 0, 0, 0, 0, 0, 0], 0, ([0, 0, 0], [0, 0, 0, 0]), [0, 0, 0], [0, 0]]
['org.sbv.pockettracker_15', 1, [1, 1, 0, 1, 1, 0, 0, 0], 0, ([8, 0, 8], [24, 23, 0, 1]), [1, 0, 1], [0, 0]]
['de.baumann.quitsmoking_22', 0, [0, 0, 0, 0, 0, 0, 0, 0], 0, ([0, 0, 0], [0, 0, 0, 0]), [0, 0, 0], [0, 0]]
['io.github.deweyreed.timer.other_7050000', 0, [0, 0, 0, 0, 0, 0, 0, 0], 0, ([0, 0, 0], [0, 0, 0, 0]), [0, 0, 0], [0, 0]]
['tmendes.com.analyticalbalancedroid_3', 0, [0, 0, 0, 0, 0, 0, 0, 0], 0, ([0, 0, 0], [0, 0, 0, 0]), [0, 0, 0], [0, 0]]
['com.easyfitness_67', 0, [0, 0, 0, 0, 0, 0, 0, 0], 0, ([0, 0, 0], [0, 0, 0, 0]), [0, 0, 0], [0, 0]]
['com.feels.feelingsApp.feels_app_2', 1, [1, 1, 0, 1, 1, 0, 0, 0], 0, ([170, 25, 145], [411, 322, 4, 85]), [3, 0, 2], [0, 0]]
['fr.mobdev.blooddonation_14', 0, [0, 0, 0, 0, 0, 0, 0, 0], 0, ([0, 0, 0], [0, 0, 0, 0]), [0, 0, 0], [0, 0]]
['com.enjoyingfoss.feeel_4241', 1, [1, 1, 0, 0, 1, 0, 0, 0], 0, ([38, 4, 34], [143, 127, 1, 15]), [3, 0, 1], [0, 0]]
['com.vaudibert.canidrive_22', 0, [0, 0, 0, 0, 0, 0, 0, 0], 0, ([0, 0, 0], [0, 0, 0, 0]), [0, 0, 0], [0, 0]]
['com.flx_apps.digitaldetox_20006', 0, [0, 0, 0, 0, 0, 0, 0, 0], 0, ([0, 0, 0], [0, 0, 0, 0]), [0, 0, 0], [0, 0]]
['de.lukasneugebauer.nextcloudcookbook_50', 1, [1, 1, 0, 1, 1, 0, 0, 0], 0, ([8, 0, 8], [24, 23, 0, 1]), [2, 1, 1], [0, 0]]
['net.retiolus.exhale_15003', 1, [1, 0, 0, 0, 0, 0, 0, 0], 0, ([42, 4, 38], [152, 135, 1, 16]), [2, 0, 1], [0, 0]]
['com.github.axet.binauralbeats_160', 0, [0, 0, 0, 0, 0, 0, 0, 0], 0, ([0, 0, 0], [0, 0, 0, 0]), [0, 0, 0], [0, 0]]
['garden.lina.oblique_strategies_2', 1, [1, 1, 0, 0, 1, 0, 0, 0], 0, ([41, 4, 37], [152, 135, 1, 16]), [2, 0, 1], [0, 0]]
['ru.ifproject.android.afr_14', 0, [0, 0, 0, 0, 0, 0, 0, 0], 0, ([0, 0, 0], [0, 0, 0, 0]), [0, 0, 0], [0, 0]]
['com.cliambrown.easynoise_10', 0, [0, 0, 0, 0, 0, 0, 0, 0], 0, ([0, 0, 0], [0, 0, 0, 0]), [0, 0, 0], [0, 0]]
['com.icesu.kinnaid_567', 0, [0, 0, 0, 0, 0, 0, 0, 0], 0, ([0, 0, 0], [0, 0, 0, 0]), [0, 0, 0], [0, 0]]
['org.secuso.privacyfriendlypaindiary_6', 0, [0, 0, 0, 0, 0, 0, 0, 0], 0, ([0, 0, 0], [0, 0, 0, 0]), [0, 0, 0], [0, 0]]
