apk_name, have_lib, [arm64-v8a, armeabi-v7a, armeabi, x86, x86_64, mips, mips64, other], native-activity, ([jni_method_total_num, static_num, nostatic_num], [total_all_type, total_basic_type, total_icc_type, total_complex_type, total_complex_type]), [so_total_num, so_Java_num, so_onLoad_num], [have_other_elf, have_pwd_zip]
['net.taler.merchantpos_11', 0, [0, 0, 0, 0, 0, 0, 0, 0], 0, ([0, 0, 0], [0, 0, 0, 0]), [0, 0, 0], [0, 0]]
['biz.binarysolutions.vatcalculator_10', 0, [0, 0, 0, 0, 0, 0, 0, 0], 0, ([0, 0, 0], [0, 0, 0, 0]), [0, 0, 0], [0, 0]]
['com.github.samotari.paynoway_20100', 0, [0, 0, 0, 0, 0, 0, 0, 0], 0, ([0, 0, 0], [0, 0, 0, 0]), [0, 0, 0], [0, 0]]
['org.encointer.wallet_879', 1, [1, 1, 0, 0, 1, 0, 0, 0], 0, ([226, 30, 196], [486, 273, 5, 208]), [2, 0, 1], [0, 0]]
['com.minimalisticapps.priceconverter_16', 0, [0, 0, 0, 0, 0, 0, 0, 0], 0, ([0, 0, 0], [0, 0, 0, 0]), [0, 0, 0], [0, 0]]
['de.langerhans.wallet_400', 1, [1, 1, 0, 1, 1, 0, 0, 0], 0, ([4, 4, 0], [16, 14, 0, 2]), [1, 0, 1], [0, 0]]
['info.tangential.cone_28', 1, [1, 1, 0, 0, 1, 0, 0, 0], 0, ([24, 4, 20], [98, 87, 1, 10]), [2, 0, 1], [0, 0]]
['org.totschnig.myexpenses_777', 1, [1, 1, 0, 1, 1, 0, 0, 0], 0, ([260, 246, 14], [712, 697, 0, 15]), [4, 1, 3], [0, 0]]
['com.starry.greenstash_391', 1, [1, 1, 0, 1, 1, 0, 0, 0], 0, ([8, 0, 8], [24, 23, 0, 1]), [2, 1, 1], [0, 0]]
['com.simpledecredwidget_3', 0, [0, 0, 0, 0, 0, 0, 0, 0], 0, ([0, 0, 0], [0, 0, 0, 0]), [0, 0, 0], [0, 0]]
['protect.gift_card_guard_6', 0, [0, 0, 0, 0, 0, 0, 0, 0], 0, ([0, 0, 0], [0, 0, 0, 0]), [0, 0, 0], [0, 0]]
['net.taler.wallet.fdroid_524', 1, [0, 0, 0, 0, 1, 0, 0, 0], 0, ([81, 69, 12], [348, 282, 0, 66]), [4, 2, 2], [0, 0]]
['de.box2code.matoid_2', 1, [1, 1, 0, 0, 1, 0, 0, 0], 0, ([105, 18, 87], [266, 190, 4, 72]), [2, 0, 1], [0, 0]]
['hashengineering.groestlcoin.wallet_test_100701', 1, [1, 1, 0, 1, 1, 0, 0, 0], 0, ([4, 4, 0], [13, 11, 0, 2]), [1, 0, 1], [0, 0]]
['ch.swissbitcoinpay.checkout_402004', 1, [0, 0, 0, 0, 1, 0, 0, 0], 0, ([392, 217, 175], [842, 702, 0, 140]), [14, 4, 7], [0, 0]]
['com.agoradesk.app_1393', 1, [1, 0, 0, 0, 0, 0, 0, 0], 0, ([41, 4, 37], [151, 134, 1, 16]), [2, 0, 1], [0, 0]]
['io.horizontalsystems.bankwallet_126', 1, [1, 1, 0, 0, 0, 0, 0, 0], 0, ([559, 428, 131], [2212, 1911, 0, 301]), [7, 4, 1], [0, 0]]
['org.elijaxapps.androidxmrigminer_5', 0, [0, 0, 0, 0, 0, 0, 0, 0], 0, ([0, 0, 0], [0, 0, 0, 0]), [0, 0, 0], [8, 0]]
['com.lako.walletcount_3', 0, [0, 0, 0, 0, 0, 0, 0, 0], 0, ([0, 0, 0], [0, 0, 0, 0]), [0, 0, 0], [0, 0]]
['org.electrum.electrum_45405084', 1, [0, 0, 0, 0, 1, 0, 0, 0], 0, ([105, 95, 10], [296, 275, 0, 21]), [77, 2, 5], [0, 0]]
['com.willchan.simple_random_stock_3', 0, [0, 0, 0, 0, 0, 0, 0, 0], 0, ([0, 0, 0], [0, 0, 0, 0]), [0, 0, 0], [0, 0]]
['io.github.pitonite.exch_cx_18000', 1, [1, 1, 0, 1, 1, 0, 0, 0], 0, ([0, 0, 0], [0, 0, 0, 0]), [1, 1, 0], [0, 0]]
['me.hackerchick.catima_146', 0, [0, 0, 0, 0, 0, 0, 0, 0], 0, ([0, 0, 0], [0, 0, 0, 0]), [0, 0, 0], [0, 0]]
['com.repay.android_25', 0, [0, 0, 0, 0, 0, 0, 0, 0], 0, ([0, 0, 0], [0, 0, 0, 0]), [0, 0, 0], [0, 0]]
['de.koelle.christian.trickytripper_25', 0, [0, 0, 0, 0, 0, 0, 0, 0], 0, ([0, 0, 0], [0, 0, 0, 0]), [0, 0, 0], [0, 0]]
['com.blogspot.e_kanivets.moneytracker_38', 0, [0, 0, 0, 0, 0, 0, 0, 0], 0, ([0, 0, 0], [0, 0, 0, 0]), [0, 0, 0], [0, 0]]
['com.nighthawkapps.wallet.android_20216800', 1, [1, 1, 0, 1, 1, 0, 0, 0], 0, ([39, 39, 0], [201, 170, 0, 31]), [2, 2, 0], [0, 0]]
['net.nitratine.priceperunit_18', 0, [0, 0, 0, 0, 0, 0, 0, 0], 0, ([0, 0, 0], [0, 0, 0, 0]), [0, 0, 0], [0, 0]]
['com.flasskamp.subz_4', 0, [0, 0, 0, 0, 0, 0, 0, 0], 0, ([0, 0, 0], [0, 0, 0, 0]), [0, 0, 0], [0, 0]]
['org.tryton.client_6', 0, [0, 0, 0, 0, 0, 0, 0, 0], 0, ([0, 0, 0], [0, 0, 0, 0]), [0, 0, 0], [0, 0]]
['com.vgorcum.minedmonero_2', 0, [0, 0, 0, 0, 0, 0, 0, 0], 0, ([0, 0, 0], [0, 0, 0, 0]), [0, 0, 0], [0, 0]]
['com.brentpanther.bitcoinwidget_337', 1, [1, 1, 0, 1, 1, 0, 0, 0], 0, ([8, 0, 8], [24, 23, 0, 1]), [1, 0, 1], [0, 0]]
['de.freewarepoint.whohasmystuff_42', 0, [0, 0, 0, 0, 0, 0, 0, 0], 0, ([0, 0, 0], [0, 0, 0, 0]), [0, 0, 0], [0, 0]]
['ademar.bitac_8', 0, [0, 0, 0, 0, 0, 0, 0, 0], 0, ([0, 0, 0], [0, 0, 0, 0]), [0, 0, 0], [0, 0]]
['net.adhikary.mrtbuddy_22', 1, [1, 1, 0, 1, 1, 0, 0, 0], 0, ([28, 20, 8], [80, 79, 0, 1]), [2, 1, 1], [0, 0]]
['de.varengold.activeTAN_53', 0, [0, 0, 0, 0, 0, 0, 0, 0], 0, ([0, 0, 0], [0, 0, 0, 0]), [0, 0, 0], [0, 0]]
['com.brentpanther.litecoinwidget_23', 0, [0, 0, 0, 0, 0, 0, 0, 0], 0, ([0, 0, 0], [0, 0, 0, 0]), [0, 0, 0], [0, 0]]
['com.igisw.openmoneybox_62', 1, [1, 1, 0, 1, 1, 0, 0, 0], 0, ([32, 32, 0], [105, 102, 0, 3]), [1, 0, 1], [0, 0]]
['com.invoiceninja.app_172', 1, [1, 1, 0, 1, 1, 0, 0, 0], 0, ([51, 14, 37], [179, 160, 1, 18]), [4, 1, 1], [0, 0]]
['org.asafonov.monly_52', 0, [0, 0, 0, 0, 0, 0, 0, 0], 0, ([0, 0, 0], [0, 0, 0, 0]), [0, 0, 0], [0, 0]]
['com.inator.calculator_7', 0, [0, 0, 0, 0, 0, 0, 0, 0], 0, ([0, 0, 0], [0, 0, 0, 0]), [0, 0, 0], [0, 0]]
['protect.rentalcalc_6', 0, [0, 0, 0, 0, 0, 0, 0, 0], 0, ([0, 0, 0], [0, 0, 0, 0]), [0, 0, 0], [0, 0]]
['com.nanoconverter.zlab_38', 0, [0, 0, 0, 0, 0, 0, 0, 0], 0, ([0, 0, 0], [0, 0, 0, 0]), [0, 0, 0], [0, 0]]
['com.greenaddress.abcore_77', 0, [0, 0, 0, 0, 0, 0, 0, 0], 0, ([0, 0, 0], [0, 0, 0, 0]), [0, 0, 0], [0, 0]]
['com.brentpanther.ethereumwidget_33', 0, [0, 0, 0, 0, 0, 0, 0, 0], 0, ([0, 0, 0], [0, 0, 0, 0]), [0, 0, 0], [0, 0]]
['app.crescentcash.src_120', 0, [0, 0, 0, 0, 0, 0, 0, 0], 0, ([29, 15, 14], [93, 52, 0, 41]), [0, 0, 0], [0, 0]]
['org.jdfossapps.android.shopwithmom_5', 0, [0, 0, 0, 0, 0, 0, 0, 0], 0, ([0, 0, 0], [0, 0, 0, 0]), [0, 0, 0], [0, 0]]
['com.jstephan.yarc_5', 0, [0, 0, 0, 0, 0, 0, 0, 0], 0, ([0, 0, 0], [0, 0, 0, 0]), [0, 0, 0], [0, 0]]
['de.drhoffmannsoft.pizza_12', 0, [0, 0, 0, 0, 0, 0, 0, 0], 0, ([0, 0, 0], [0, 0, 0, 0]), [0, 0, 0], [0, 0]]
['org.veilproject.wallet_273', 1, [0, 0, 0, 0, 1, 0, 0, 0], 0, ([41, 4, 37], [151, 134, 1, 16]), [3, 0, 1], [0, 0]]
['com.arduia.expense_12', 0, [0, 0, 0, 0, 0, 0, 0, 0], 0, ([0, 0, 0], [0, 0, 0, 0]), [0, 0, 0], [0, 0]]
['com.kazispin.money_logs_2', 1, [1, 1, 0, 0, 1, 0, 0, 0], 0, ([38, 4, 34], [143, 127, 1, 15]), [2, 0, 1], [0, 0]]
['co.timsmart.vouchervault_29', 1, [1, 1, 0, 0, 1, 0, 0, 0], 0, ([37, 4, 33], [141, 125, 1, 15]), [2, 0, 1], [0, 0]]
['org.btcmap_54', 1, [1, 1, 0, 1, 1, 0, 0, 0], 0, ([544, 19, 525], [1030, 705, 0, 325]), [2, 1, 1], [0, 0]]
['org.billthefarmer.currency_156', 0, [0, 0, 0, 0, 0, 0, 0, 0], 0, ([0, 0, 0], [0, 0, 0, 0]), [0, 0, 0], [0, 0]]
['app.michaelwuensch.bitbanana_66', 1, [1, 1, 0, 1, 1, 0, 0, 0], 0, ([29, 29, 0], [118, 118, 0, 0]), [3, 1, 0], [0, 0]]
['de.cryptobitch.muelli.vouchercalc_3', 0, [0, 0, 0, 0, 0, 0, 0, 0], 0, ([0, 0, 0], [0, 0, 0, 0]), [0, 0, 0], [0, 0]]
['com.eurokonverter_8', 0, [0, 0, 0, 0, 0, 0, 0, 0], 0, ([132, 29, 103], [253, 128, 4, 121]), [0, 0, 0], [0, 0]]
['org.ebur.debitum_23', 0, [0, 0, 0, 0, 0, 0, 0, 0], 0, ([0, 0, 0], [0, 0, 0, 0]), [0, 0, 0], [0, 0]]
['be.chvp.nanoledger_2025011101', 1, [1, 1, 0, 1, 1, 0, 0, 0], 0, ([8, 0, 8], [24, 23, 0, 1]), [1, 0, 1], [0, 0]]
['com.github.samotari.cryptoterminal_10500', 0, [0, 0, 0, 0, 0, 0, 0, 0], 0, ([0, 0, 0], [0, 0, 0, 0]), [0, 0, 0], [0, 0]]
['com.oriondev.moneywallet_75', 0, [0, 0, 0, 0, 0, 0, 0, 0], 0, ([4, 1, 3], [11, 11, 0, 0]), [0, 0, 0], [0, 0]]
['ivl.android.moneybalance_6', 0, [0, 0, 0, 0, 0, 0, 0, 0], 0, ([0, 0, 0], [0, 0, 0, 0]), [0, 0, 0], [0, 0]]
['hashengineering.darkcoin.wallet_102000', 1, [1, 1, 0, 1, 1, 0, 0, 0], 0, ([274, 129, 145], [654, 436, 3, 215]), [4, 1, 2], [0, 0]]
['im.status.ethereum_2024121818', 1, [1, 1, 0, 1, 1, 0, 0, 0], 0, ([571, 303, 268], [1379, 1226, 0, 153]), [73, 5, 22], [0, 0]]
['io.dahliaos.calculator_21', 1, [1, 1, 0, 0, 1, 0, 0, 0], 0, ([38, 4, 34], [143, 127, 1, 15]), [2, 0, 1], [0, 0]]
['de.cloneapps.crypto_prices_36', 1, [1, 1, 0, 0, 1, 0, 0, 0], 0, ([37, 4, 33], [141, 125, 1, 15]), [3, 0, 1], [0, 0]]
['com.jerameeldelosreyes.sushi_15', 1, [1, 1, 0, 1, 1, 0, 0, 0], 0, ([212, 132, 80], [549, 456, 0, 93]), [57, 0, 14], [0, 0]]
['net.eneiluj.moneybuster_40', 1, [1, 1, 0, 1, 1, 0, 0, 0], 0, ([288, 288, 0], [940, 715, 0, 225]), [1, 0, 1], [0, 0]]
['com.btcontract.wallet_111', 1, [1, 1, 0, 1, 1, 0, 0, 0], 0, ([195, 195, 0], [535, 521, 0, 14]), [1, 1, 0], [0, 0]]
['com.decred.decredaddressscanner_10', 0, [0, 0, 0, 0, 0, 0, 0, 0], 0, ([0, 0, 0], [0, 0, 0, 0]), [0, 0, 0], [0, 0]]
['com.tombursch.kitchenowl_106', 1, [1, 1, 0, 0, 1, 0, 0, 0], 0, ([42, 4, 38], [152, 135, 1, 16]), [2, 0, 1], [0, 0]]
['com.tkton.wallet_120', 1, [1, 1, 0, 1, 1, 0, 0, 0], 0, ([108, 53, 55], [263, 244, 0, 19]), [1, 0, 1], [0, 0]]
['com.cointrend_10302', 0, [0, 0, 0, 0, 0, 0, 0, 0], 0, ([0, 0, 0], [0, 0, 0, 0]), [0, 0, 0], [0, 0]]
['com.pvpc.precio_luz_26', 1, [1, 1, 0, 0, 1, 0, 0, 0], 0, ([99, 20, 79], [257, 189, 4, 64]), [2, 0, 1], [0, 0]]
['de.blocklink.pigrid_5', 0, [0, 0, 0, 0, 0, 0, 0, 0], 0, ([0, 0, 0], [0, 0, 0, 0]), [0, 0, 0], [0, 0]]
['org.secuso.privacyfriendlyfinancemanager_7', 1, [1, 1, 0, 1, 1, 0, 0, 0], 0, ([62, 7, 55], [140, 135, 0, 5]), [1, 0, 1], [0, 0]]
['eth.brume.wallet_536', 0, [0, 0, 0, 0, 0, 0, 0, 0], 0, ([0, 0, 0], [0, 0, 0, 0]), [0, 0, 0], [0, 0]]
['com.ebaschiera.triplecamel_17', 0, [0, 0, 0, 0, 0, 0, 0, 0], 0, ([0, 0, 0], [0, 0, 0, 0]), [0, 0, 0], [0, 0]]
['org.billthefarmer.specie_113', 0, [0, 0, 0, 0, 0, 0, 0, 0], 0, ([0, 0, 0], [0, 0, 0, 0]), [0, 0, 0], [0, 0]]
['com.marv42.ebt.newnote_7900', 1, [1, 1, 0, 1, 1, 0, 0, 0], 0, ([12, 4, 8], [33, 32, 0, 1]), [4, 2, 2], [0, 0]]
['com.money.manager.ex_1066', 1, [1, 1, 0, 1, 1, 0, 0, 0], 0, ([62, 7, 55], [140, 135, 0, 5]), [1, 0, 1], [0, 0]]
['com.spencerpages_31', 0, [0, 0, 0, 0, 0, 0, 0, 0], 0, ([0, 0, 0], [0, 0, 0, 0]), [0, 0, 0], [0, 0]]
['com.xvzan.simplemoneytracker_20240126', 1, [1, 1, 0, 1, 1, 0, 0, 0], 0, ([581, 428, 153], [1837, 1805, 0, 32]), [1, 1, 1], [0, 0]]
['hashengineering.groestlcoin.wallet_100701', 1, [1, 1, 0, 1, 1, 0, 0, 0], 0, ([4, 4, 0], [13, 11, 0, 2]), [1, 0, 1], [0, 0]]
['de.php_tech.piggybudget_25', 1, [1, 1, 1, 1, 1, 0, 0, 0], 0, ([188, 109, 79], [463, 393, 0, 70]), [12, 0, 5], [0, 0]]
['xyz.hisname.fireflyiii_112', 0, [0, 0, 0, 0, 0, 0, 0, 0], 0, ([0, 0, 0], [0, 0, 0, 0]), [0, 0, 0], [0, 0]]
['net.alaindonesia.silectric_1220161217', 0, [0, 0, 0, 0, 0, 0, 0, 0], 0, ([0, 0, 0], [0, 0, 0, 0]), [0, 0, 0], [0, 0]]
['com.coinerella.peercoin_143', 1, [1, 1, 0, 1, 1, 0, 0, 0], 0, ([41, 4, 37], [151, 134, 1, 16]), [3, 0, 1], [0, 0]]
['eu.uwot.fabio.altcoinprices_81', 0, [0, 0, 0, 0, 0, 0, 0, 0], 0, ([0, 0, 0], [0, 0, 0, 0]), [0, 0, 0], [0, 0]]
['de.dbauer.expensetracker_31', 1, [1, 1, 0, 1, 1, 0, 0, 0], 0, ([24, 16, 8], [70, 69, 0, 1]), [3, 2, 1], [0, 0]]
['finance.valet_105', 1, [1, 1, 0, 1, 1, 0, 0, 0], 0, ([202, 196, 6], [544, 529, 0, 15]), [2, 2, 0], [0, 0]]
['net.taler.cashier_5', 0, [0, 0, 0, 0, 0, 0, 0, 0], 0, ([0, 0, 0], [0, 0, 0, 0]), [0, 0, 0], [0, 0]]
['com.github.emavgl.piggybankpro_6071004', 1, [0, 0, 0, 0, 1, 0, 0, 0], 0, ([41, 4, 37], [151, 134, 1, 16]), [2, 0, 1], [0, 0]]
['ua.com.radiokot.lnaddr2invoice_7', 0, [0, 0, 0, 0, 0, 0, 0, 0], 0, ([96, 24, 72], [163, 70, 4, 89]), [0, 0, 0], [0, 0]]
['com.greenaddress.greenbits_android_wallet_22000443', 1, [1, 1, 0, 0, 0, 0, 0, 0], 0, ([939, 804, 135], [3364, 2541, 0, 823]), [7, 4, 3], [0, 0]]
['de.salomax.currencies_12205', 0, [0, 0, 0, 0, 0, 0, 0, 0], 0, ([0, 0, 0], [0, 0, 0, 0]), [0, 0, 0], [0, 0]]
['com.emmanuelmess.simpleaccounting_23', 0, [0, 0, 0, 0, 0, 0, 0, 0], 0, ([0, 0, 0], [0, 0, 0, 0]), [0, 0, 0], [0, 0]]
['net.stargw.fx_13', 0, [0, 0, 0, 0, 0, 0, 0, 0], 0, ([0, 0, 0], [0, 0, 0, 0]), [0, 0, 0], [0, 0]]
['quest.faraday.tip_calculator_5', 0, [0, 0, 0, 0, 0, 0, 0, 0], 0, ([0, 0, 0], [0, 0, 0, 0]), [0, 0, 0], [0, 0]]
['com.nishantboro.splititeasy_1', 0, [0, 0, 0, 0, 0, 0, 0, 0], 0, ([0, 0, 0], [0, 0, 0, 0]), [0, 0, 0], [0, 0]]
['com.cosmos.candle_10', 0, [0, 0, 0, 0, 0, 0, 0, 0], 0, ([0, 0, 0], [0, 0, 0, 0]), [0, 0, 0], [0, 0]]
['fr.corenting.convertisseureurofranc_27', 0, [0, 0, 0, 0, 0, 0, 0, 0], 0, ([0, 0, 0], [0, 0, 0, 0]), [0, 0, 0], [0, 0]]
['co.localmonero.app_1393', 1, [1, 0, 0, 0, 0, 0, 0, 0], 0, ([41, 4, 37], [151, 134, 1, 16]), [2, 0, 1], [0, 0]]
['com.soumikshah.investmenttracker_3', 0, [0, 0, 0, 0, 0, 0, 0, 0], 0, ([0, 0, 0], [0, 0, 0, 0]), [0, 0, 0], [0, 0]]
['ee.smkv.calc.loan_52', 0, [0, 0, 0, 0, 0, 0, 0, 0], 0, ([0, 0, 0], [0, 0, 0, 0]), [0, 0, 0], [0, 0]]
['com.georgeyt9769.cardabase_503', 1, [1, 0, 0, 0, 0, 0, 0, 0], 0, ([41, 4, 37], [151, 134, 1, 16]), [2, 0, 1], [0, 0]]
['com.veken0m.bitcoinium_48', 0, [0, 0, 0, 0, 0, 0, 0, 0], 0, ([0, 0, 0], [0, 0, 0, 0]), [0, 0, 0], [0, 0]]
['net.ktnx.mobileledger_56', 0, [0, 0, 0, 0, 0, 0, 0, 0], 0, ([0, 0, 0], [0, 0, 0, 0]), [0, 0, 0], [0, 0]]
['de.schildbach.wallet_test_102400', 0, [0, 0, 0, 0, 0, 0, 0, 0], 0, ([3, 3, 0], [9, 7, 0, 2]), [0, 0, 0], [0, 0]]
['de.chaosdorf.meteroid_59', 0, [0, 0, 0, 0, 0, 0, 0, 0], 0, ([0, 0, 0], [0, 0, 0, 0]), [0, 0, 0], [0, 0]]
['de.schildbach.wallet_102400', 0, [0, 0, 0, 0, 0, 0, 0, 0], 0, ([3, 3, 0], [9, 7, 0, 2]), [0, 0, 0], [0, 0]]
['tmendes.com.analyticalbalancedroid_3', 0, [0, 0, 0, 0, 0, 0, 0, 0], 0, ([0, 0, 0], [0, 0, 0, 0]), [0, 0, 0], [0, 0]]
['com.pvcodes.debtcalc_3', 0, [0, 0, 0, 0, 0, 0, 0, 0], 0, ([0, 0, 0], [0, 0, 0, 0]), [0, 0, 0], [0, 0]]
['app.ladefuchs.android_324', 1, [1, 1, 0, 1, 1, 0, 0, 0], 0, ([391, 160, 231], [942, 752, 0, 190]), [49, 2, 27], [0, 0]]
['me.sujanpoudel.playdeals_33', 0, [0, 0, 0, 0, 0, 0, 0, 0], 0, ([0, 0, 0], [0, 0, 0, 0]), [0, 0, 0], [0, 0]]
['de.k4ever.k4android_10', 0, [0, 0, 0, 0, 0, 0, 0, 0], 0, ([0, 0, 0], [0, 0, 0, 0]), [0, 0, 0], [0, 0]]
['com.gitlab.uak.mobile_paper_wallet_102110401', 1, [1, 1, 0, 0, 0, 0, 0, 0], 0, ([52, 43, 9], [146, 141, 0, 5]), [11, 2, 1], [0, 0]]
['org.bitbucket.watashi564.combapp_4', 0, [0, 0, 0, 0, 0, 0, 0, 0], 0, ([0, 0, 0], [0, 0, 0, 0]), [0, 0, 0], [0, 0]]
['dev.maartje.hetsaldo_4', 1, [1, 1, 0, 0, 1, 0, 0, 0], 0, ([114, 23, 91], [285, 197, 5, 83]), [2, 0, 1], [0, 0]]
['net.bitconomy.ckpoolwatcher_1', 0, [0, 0, 0, 0, 0, 0, 0, 0], 0, ([0, 0, 0], [0, 0, 0, 0]), [0, 0, 0], [0, 0]]
['mobi.boilr.boilr_9', 0, [0, 0, 0, 0, 0, 0, 0, 0], 0, ([0, 0, 0], [0, 0, 0, 0]), [0, 0, 0], [0, 0]]
