apk_name, have_lib, [arm64-v8a, armeabi-v7a, armeabi, x86, x86_64, mips, mips64, other], native-activity, ([jni_method_total_num, static_num, nostatic_num], [total_all_type, total_basic_type, total_icc_type, total_complex_type, total_complex_type]), [so_total_num, so_Java_num, so_onLoad_num], [have_other_elf, have_pwd_zip]
['org.exbin.bined.editor.android_10', 0, [0, 0, 0, 0, 0, 0, 0, 0], 0, ([0, 0, 0], [0, 0, 0, 0]), [0, 0, 0], [0, 0]]
['com.manichord.mgit_240', 1, [1, 1, 0, 1, 1, 0, 0, 0], 0, ([288, 288, 0], [940, 715, 0, 225]), [1, 0, 1], [0, 0]]
['com.lukeneedham.vibrator_3', 0, [0, 0, 0, 0, 0, 0, 0, 0], 0, ([0, 0, 0], [0, 0, 0, 0]), [0, 0, 0], [0, 0]]
['com.primavera.arduino.listener_5', 0, [0, 0, 0, 0, 0, 0, 0, 0], 0, ([0, 0, 0], [0, 0, 0, 0]), [0, 0, 0], [0, 0]]
['com.termux.nix_188036', 1, [1, 0, 0, 0, 1, 0, 0, 0], 0, ([13, 13, 0], [51, 41, 0, 10]), [2, 2, 0], [0, 0]]
['dev.yashgarg.qbit_17', 1, [1, 1, 0, 1, 1, 0, 0, 0], 0, ([3, 3, 0], [10, 9, 0, 1]), [2, 1, 0], [0, 0]]
['com.termux.api_51', 1, [1, 1, 0, 1, 1, 0, 0, 0], 0, ([0, 0, 0], [0, 0, 0, 0]), [1, 1, 0], [0, 0]]
['org.jessies.dalvikexplorer_39', 0, [0, 0, 0, 0, 0, 0, 0, 0], 0, ([0, 0, 0], [0, 0, 0, 0]), [0, 0, 0], [0, 0]]
['com.smoothie.wirelessDebuggingSwitch_4', 0, [0, 0, 0, 0, 0, 0, 0, 0], 0, ([0, 0, 0], [0, 0, 0, 0]), [0, 0, 0], [0, 0]]
['com.innodroid.mongobrowser_10', 0, [0, 0, 0, 0, 0, 0, 0, 0], 0, ([0, 0, 0], [0, 0, 0, 0]), [0, 0, 0], [0, 0]]
['io.github.pd4d10.gittouch_24', 1, [1, 1, 0, 0, 1, 0, 0, 0], 0, ([31, 4, 27], [113, 101, 1, 11]), [2, 0, 1], [0, 0]]
['com.ruesga.rview_69', 0, [0, 0, 0, 0, 0, 0, 0, 0], 0, ([0, 0, 0], [0, 0, 0, 0]), [0, 0, 0], [0, 0]]
['com.termux.tasker_6', 0, [0, 0, 0, 0, 0, 0, 0, 0], 0, ([0, 0, 0], [0, 0, 0, 0]), [0, 0, 0], [0, 0]]
['de.felixnuesse.disky_6', 0, [0, 0, 0, 0, 0, 0, 0, 0], 0, ([0, 0, 0], [0, 0, 0, 0]), [0, 0, 0], [0, 0]]
['com.termux.boot_1000', 0, [0, 0, 0, 0, 0, 0, 0, 0], 0, ([0, 0, 0], [0, 0, 0, 0]), [0, 0, 0], [0, 0]]
['com.rascarlo.aurdroid_21', 0, [0, 0, 0, 0, 0, 0, 0, 0], 0, ([0, 0, 0], [0, 0, 0, 0]), [0, 0, 0], [0, 0]]
['com.dconstructing.cooper_2', 0, [0, 0, 0, 0, 0, 0, 0, 0], 0, ([0, 0, 0], [0, 0, 0, 0]), [0, 0, 0], [0, 0]]
['com.codelv.inventory_6', 0, [0, 0, 0, 0, 0, 0, 0, 0], 0, ([0, 0, 0], [0, 0, 0, 0]), [0, 0, 0], [0, 0]]
['com.sjapps.jsonlist_20', 0, [0, 0, 0, 0, 0, 0, 0, 0], 0, ([0, 0, 0], [0, 0, 0, 0]), [0, 0, 0], [0, 0]]
['eu.roggstar.getmitokens_5', 0, [0, 0, 0, 0, 0, 0, 0, 0], 0, ([0, 0, 0], [0, 0, 0, 0]), [0, 0, 0], [0, 0]]
['com.adonai.manman_177', 0, [0, 0, 0, 0, 0, 0, 0, 0], 0, ([0, 0, 0], [0, 0, 0, 0]), [0, 0, 0], [0, 0]]
['tech.platypush.platypush_1000100', 0, [0, 0, 0, 0, 0, 0, 0, 0], 0, ([0, 0, 0], [0, 0, 0, 0]), [0, 0, 0], [0, 0]]
['steele.gerry.dotty_2', 0, [0, 0, 0, 0, 0, 0, 0, 0], 0, ([0, 0, 0], [0, 0, 0, 0]), [0, 0, 0], [0, 0]]
['com.littlebytesofpi.pylauncher_5', 0, [0, 0, 0, 0, 0, 0, 0, 0], 0, ([0, 0, 0], [0, 0, 0, 0]), [0, 0, 0], [0, 0]]
['juloo.keyboard2_46', 0, [0, 0, 0, 0, 0, 0, 0, 0], 0, ([0, 0, 0], [0, 0, 0, 0]), [0, 0, 0], [0, 0]]
['cl.coders.faketraveler_9', 0, [0, 0, 0, 0, 0, 0, 0, 0], 0, ([0, 0, 0], [0, 0, 0, 0]), [0, 0, 0], [0, 0]]
['dev.labplus.app_2', 0, [0, 0, 0, 0, 0, 0, 0, 0], 0, ([0, 0, 0], [0, 0, 0, 0]), [0, 0, 0], [0, 0]]
['com.github.mofosyne.tagdrop_4', 0, [0, 0, 0, 0, 0, 0, 0, 0], 0, ([0, 0, 0], [0, 0, 0, 0]), [0, 0, 0], [0, 0]]
['de.mw136.tonuino_30', 0, [0, 0, 0, 0, 0, 0, 0, 0], 0, ([0, 0, 0], [0, 0, 0, 0]), [0, 0, 0], [0, 0]]
['com.afollestad.nocknock_30', 0, [0, 0, 0, 0, 0, 0, 0, 0], 0, ([0, 0, 0], [0, 0, 0, 0]), [0, 0, 0], [0, 0]]
['io.neurolab_1', 0, [0, 0, 0, 0, 0, 0, 0, 0], 0, ([3520, 348, 3172], [21112, 19249, 0, 1863]), [0, 0, 0], [0, 0]]
['wtf.technodisaster.tldr_10', 1, [1, 1, 0, 0, 1, 0, 0, 0], 0, ([103, 18, 85], [259, 184, 4, 71]), [2, 0, 1], [0, 0]]
['de.syss.MifareClassicTool_68', 0, [0, 0, 0, 0, 0, 0, 0, 0], 0, ([0, 0, 0], [0, 0, 0, 0]), [0, 0, 0], [0, 0]]
['com.trianguloy.isUserAMonkey_1', 0, [0, 0, 0, 0, 0, 0, 0, 0], 0, ([0, 0, 0], [0, 0, 0, 0]), [0, 0, 0], [0, 0]]
['org.nathan.jf.build.prop.editor_4', 0, [0, 0, 0, 0, 0, 0, 0, 0], 0, ([0, 0, 0], [0, 0, 0, 0]), [0, 0, 0], [0, 0]]
['com.termux.window_15', 1, [1, 1, 0, 1, 1, 0, 0, 0], 0, ([4, 4, 0], [16, 16, 0, 0]), [1, 1, 0], [0, 0]]
['com.evenement.encapsulation_3', 0, [0, 0, 0, 0, 0, 0, 0, 0], 0, ([0, 0, 0], [0, 0, 0, 0]), [0, 0, 0], [0, 0]]
['com.bmco.cratesiounofficial_12', 0, [0, 0, 0, 0, 0, 0, 0, 0], 0, ([0, 0, 0], [0, 0, 0, 0]), [0, 0, 0], [0, 0]]
['com.bretternst.URLazy_2', 0, [0, 0, 0, 0, 0, 0, 0, 0], 0, ([0, 0, 0], [0, 0, 0, 0]), [0, 0, 0], [0, 0]]
['jp.ksksue.app.terminal_11', 0, [0, 0, 0, 0, 0, 0, 0, 0], 0, ([0, 0, 0], [0, 0, 0, 0]), [0, 0, 0], [0, 0]]
['ch.fixme.cowsay_5', 0, [0, 0, 0, 0, 0, 0, 0, 0], 0, ([0, 0, 0], [0, 0, 0, 0]), [0, 0, 0], [0, 0]]
['com.madlonkay.orgro_151', 1, [1, 1, 0, 1, 1, 0, 0, 0], 0, ([42, 4, 38], [152, 135, 1, 16]), [3, 1, 1], [0, 0]]
['tech.ula_7438725', 1, [1, 1, 0, 1, 1, 0, 0, 0], 0, ([4, 4, 0], [16, 16, 0, 0]), [30, 1, 0], [0, 0]]
['priv.wh201906.serialtest_35', 1, [1, 1, 0, 1, 1, 0, 0, 0], 0, ([104, 89, 15], [312, 286, 3, 23]), [81, 4, 16], [0, 0]]
['org.cosmicide_23', 1, [1, 1, 0, 1, 1, 0, 0, 0], 0, ([275, 240, 35], [853, 712, 0, 141]), [5, 3, 2], [0, 0]]
['studio.okcode.open_alert_viewer_170', 1, [1, 1, 0, 1, 1, 0, 0, 0], 0, ([42, 4, 38], [152, 135, 1, 16]), [3, 0, 1], [0, 0]]
['fr.librinfo.evecontrol2_20000', 0, [0, 0, 0, 0, 0, 0, 0, 0], 0, ([0, 0, 0], [0, 0, 0, 0]), [0, 0, 0], [0, 0]]
['dk.andsen.asqlitemanager_17', 0, [0, 0, 0, 0, 0, 0, 0, 0], 0, ([0, 0, 0], [0, 0, 0, 0]), [0, 0, 0], [0, 0]]
['com.catalin.css_px_converter_1', 1, [1, 1, 0, 0, 1, 0, 0, 0], 0, ([38, 4, 34], [143, 127, 1, 15]), [2, 0, 1], [0, 0]]
['org.ndeftools.boilerplate_3', 0, [0, 0, 0, 0, 0, 0, 0, 0], 0, ([0, 0, 0], [0, 0, 0, 0]), [0, 0, 0], [0, 0]]
['de.k3b.android.contentproviderhelper_5', 0, [0, 0, 0, 0, 0, 0, 0, 0], 0, ([0, 0, 0], [0, 0, 0, 0]), [0, 0, 0], [0, 0]]
['com.maxistar.textpad_49', 0, [0, 0, 0, 0, 0, 0, 0, 0], 0, ([0, 0, 0], [0, 0, 0, 0]), [0, 0, 0], [0, 0]]
['me.velc.devqs_2', 0, [0, 0, 0, 0, 0, 0, 0, 0], 0, ([0, 0, 0], [0, 0, 0, 0]), [0, 0, 0], [0, 0]]
['com.foxdebug.acode_955', 0, [0, 0, 0, 0, 0, 0, 0, 0], 0, ([0, 0, 0], [0, 0, 0, 0]), [0, 0, 0], [0, 0]]
['com.example.booklistingapk_2', 0, [0, 0, 0, 0, 0, 0, 0, 0], 0, ([0, 0, 0], [0, 0, 0, 0]), [0, 0, 0], [0, 0]]
['humer.uvc_camera_124', 1, [1, 1, 1, 1, 1, 1, 1, 0], 0, ([80, 69, 11], [346, 276, 0, 70]), [7, 2, 1], [0, 0]]
['com.team242.robozzle_61', 0, [0, 0, 0, 0, 0, 0, 0, 0], 0, ([0, 0, 0], [0, 0, 0, 0]), [0, 0, 0], [0, 0]]
['com.sunilpaulmathew.translator_18', 0, [0, 0, 0, 0, 0, 0, 0, 0], 0, ([70, 15, 55], [116, 49, 4, 63]), [0, 0, 0], [0, 0]]
['eu.dfdx.jslab_1', 0, [0, 0, 0, 0, 0, 0, 0, 0], 0, ([0, 0, 0], [0, 0, 0, 0]), [0, 0, 0], [0, 0]]
['ooo.akito.webmon_14', 0, [0, 0, 0, 0, 0, 0, 0, 0], 0, ([0, 0, 0], [0, 0, 0, 0]), [0, 0, 0], [0, 0]]
['de.k3b.android.intentintercept_406', 0, [0, 0, 0, 0, 0, 0, 0, 0], 0, ([0, 0, 0], [0, 0, 0, 0]), [0, 0, 0], [0, 0]]
['julianwi.javainstaller_7', 0, [0, 0, 0, 0, 0, 0, 0, 0], 0, ([0, 0, 0], [0, 0, 0, 0]), [0, 0, 0], [0, 0]]
['org.segin.bfinterpreter_9', 0, [0, 0, 0, 0, 0, 0, 0, 0], 0, ([0, 0, 0], [0, 0, 0, 0]), [0, 0, 0], [0, 0]]
['info.guardianproject.checkey_101', 0, [0, 0, 0, 0, 0, 0, 0, 0], 0, ([0, 0, 0], [0, 0, 0, 0]), [0, 0, 0], [0, 0]]
['de.onyxbits.sensorreadout_8', 0, [0, 0, 0, 0, 0, 0, 0, 0], 0, ([0, 0, 0], [0, 0, 0, 0]), [0, 0, 0], [0, 0]]
['nl.patrickkostjens.kandroid_20', 0, [0, 0, 0, 0, 0, 0, 0, 0], 0, ([0, 0, 0], [0, 0, 0, 0]), [0, 0, 0], [0, 0]]
['com.activitymanager_551', 0, [0, 0, 0, 0, 0, 0, 0, 0], 0, ([0, 0, 0], [0, 0, 0, 0]), [0, 0, 0], [0, 0]]
['org.projectvoodoo.screentestpatterns_11', 0, [0, 0, 0, 0, 0, 0, 0, 0], 0, ([0, 0, 0], [0, 0, 0, 0]), [0, 0, 0], [0, 0]]
['micro.repl.ma7moud3ly_13', 1, [1, 1, 0, 1, 1, 0, 0, 0], 0, ([8, 0, 8], [24, 23, 0, 1]), [1, 0, 1], [0, 0]]
['com.gh4a_75', 1, [1, 1, 0, 1, 1, 0, 0, 0], 0, ([43, 43, 0], [106, 98, 0, 8]), [1, 1, 1], [0, 0]]
['marto.rtl_tcp_andro_31', 1, [1, 1, 0, 1, 1, 0, 0, 0], 0, ([5, 0, 5], [17, 17, 0, 0]), [3, 1, 1], [0, 0]]
['com.github.sryze.wirebug_10100', 0, [0, 0, 0, 0, 0, 0, 0, 0], 0, ([0, 0, 0], [0, 0, 0, 0]), [0, 0, 0], [0, 0]]
['com.cleveroad.sample_1', 1, [0, 1, 0, 1, 0, 1, 0, 0], 0, ([0, 0, 0], [0, 0, 0, 0]), [3, 0, 1], [0, 0]]
['com.garyodernichts.downgrader_2', 0, [0, 0, 0, 0, 0, 0, 0, 0], 0, ([0, 0, 0], [0, 0, 0, 0]), [0, 0, 0], [0, 0]]
['com.termux_1020', 1, [1, 1, 0, 1, 1, 0, 0, 0], 0, ([5, 5, 0], [17, 17, 0, 0]), [3, 3, 0], [0, 0]]
['tk.giesecke.phoenix_3', 0, [0, 0, 0, 0, 0, 0, 0, 0], 0, ([0, 0, 0], [0, 0, 0, 0]), [0, 0, 0], [0, 0]]
['org.getdisconnected.libreipsum_104', 0, [0, 0, 0, 0, 0, 0, 0, 0], 0, ([0, 0, 0], [0, 0, 0, 0]), [0, 0, 0], [0, 0]]
['com.readystatesoftware.ghostlog_3', 0, [0, 0, 0, 0, 0, 0, 0, 0], 0, ([0, 0, 0], [0, 0, 0, 0]), [0, 0, 0], [0, 0]]
['cn.rbc.termuc_7', 0, [0, 0, 0, 0, 0, 0, 0, 0], 0, ([0, 0, 0], [0, 0, 0, 0]), [0, 0, 0], [0, 0]]
['com.packetsender.android_3', 0, [0, 0, 0, 0, 0, 0, 0, 0], 0, ([0, 0, 0], [0, 0, 0, 0]), [0, 0, 0], [0, 0]]
['com.nathaniel.motus.umlclasseditor_2', 0, [0, 0, 0, 0, 0, 0, 0, 0], 0, ([0, 0, 0], [0, 0, 0, 0]), [0, 0, 0], [0, 0]]
['de.simon.dankelmann.bluetoothlespam_3', 0, [0, 0, 0, 0, 0, 0, 0, 0], 0, ([0, 0, 0], [0, 0, 0, 0]), [0, 0, 0], [0, 0]]
['com.sweak.qralarm_43', 1, [1, 1, 0, 1, 1, 0, 0, 0], 0, ([14, 6, 8], [91, 69, 0, 22]), [4, 3, 1], [0, 0]]
['com.unprompted.tildefriends.fdroid_32', 1, [1, 1, 0, 1, 1, 0, 0, 0], 0, ([2, 2, 0], [7, 6, 0, 1]), [1, 0, 1], [0, 0]]
['com.lonepulse.travisjr_2', 0, [0, 0, 0, 0, 0, 0, 0, 0], 0, ([0, 0, 0], [0, 0, 0, 0]), [0, 0, 0], [0, 0]]
['de.zieren.rot13_3', 0, [0, 0, 0, 0, 0, 0, 0, 0], 0, ([0, 0, 0], [0, 0, 0, 0]), [0, 0, 0], [0, 0]]
['com.asdoi.quicktiles_14', 0, [0, 0, 0, 0, 0, 0, 0, 0], 0, ([0, 0, 0], [0, 0, 0, 0]), [0, 0, 0], [0, 0]]
['de.csicar.ning_201', 0, [0, 0, 0, 0, 0, 0, 0, 0], 0, ([0, 0, 0], [0, 0, 0, 0]), [0, 0, 0], [0, 0]]
['com.vsmartcard.acardemulator_8', 0, [0, 0, 0, 0, 0, 0, 0, 0], 0, ([0, 0, 0], [0, 0, 0, 0]), [0, 0, 0], [0, 0]]
['tk.hack5.treblecheck_5001001', 1, [1, 1, 0, 1, 1, 0, 0, 0], 0, ([1, 0, 1], [1, 1, 0, 0]), [1, 1, 0], [0, 0]]
['de.markusfisch.android.shadereditor_87', 1, [1, 1, 0, 1, 1, 0, 0, 0], 0, ([2, 2, 0], [11, 8, 0, 3]), [1, 1, 0], [0, 0]]
['com.bec3.mobilite_10310', 0, [0, 0, 0, 0, 0, 0, 0, 0], 0, ([0, 0, 0], [0, 0, 0, 0]), [0, 0, 0], [0, 0]]
['com.wrmndfzzy.atomize_1', 1, [0, 1, 0, 0, 0, 0, 0, 0], 0, ([1, 1, 0], [3, 3, 0, 0]), [1, 1, 1], [0, 0]]
['com.threedlite.urforms_14', 0, [0, 0, 0, 0, 0, 0, 0, 0], 0, ([0, 0, 0], [0, 0, 0, 0]), [0, 0, 0], [0, 0]]
['com.android.geto_169', 1, [1, 1, 0, 1, 1, 0, 0, 0], 0, ([8, 0, 8], [24, 23, 0, 1]), [2, 1, 1], [0, 0]]
['org.gsmlg.semaphore_13', 1, [1, 0, 0, 0, 0, 0, 0, 0], 0, ([84, 17, 67], [228, 165, 3, 60]), [3, 0, 1], [0, 0]]
['com.nesbox.tic_10100', 1, [1, 0, 0, 0, 0, 0, 0, 0], 0, ([50, 42, 8], [134, 133, 0, 1]), [1, 1, 1], [0, 0]]
['org.rubenpgrady.dpcopycat_7', 0, [0, 0, 0, 0, 0, 0, 0, 0], 0, ([0, 0, 0], [0, 0, 0, 0]), [0, 0, 0], [0, 0]]
['org.segin.ttleditor_19', 0, [0, 0, 0, 0, 0, 0, 0, 0], 0, ([0, 0, 0], [0, 0, 0, 0]), [0, 0, 0], [0, 0]]
['com.android.adbkeyboard_2', 0, [0, 0, 0, 0, 0, 0, 0, 0], 0, ([0, 0, 0], [0, 0, 0, 0]), [0, 0, 0], [0, 0]]
['com.io7m.exfilac.main_1104', 1, [1, 0, 1, 1, 1, 0, 0, 0], 0, ([61, 0, 61], [165, 146, 0, 19]), [1, 1, 1], [0, 0]]
['net.momodalo.app.vimtouch_25', 1, [0, 0, 1, 0, 0, 0, 0, 0], 0, ([24, 24, 0], [54, 50, 0, 4]), [2, 0, 1], [0, 0]]
['aws.apps.androidDrawables_8', 0, [0, 0, 0, 0, 0, 0, 0, 0], 0, ([0, 0, 0], [0, 0, 0, 0]), [0, 0, 0], [0, 0]]
['jp.sblo.pandora.aGrep_201403', 1, [0, 1, 1, 1, 0, 1, 0, 0], 0, ([6, 6, 0], [14, 14, 0, 0]), [1, 1, 0], [0, 0]]
['net.sourceforge.x11basic_165', 1, [0, 1, 1, 1, 0, 0, 0, 0], 0, ([28, 28, 0], [67, 65, 0, 2]), [1, 1, 1], [6, 0]]
['com.trianguloy.adnihilation_3', 0, [0, 0, 0, 0, 0, 0, 0, 0], 0, ([0, 0, 0], [0, 0, 0, 0]), [0, 0, 0], [0, 0]]
['com.app.openlib_12', 1, [1, 1, 0, 1, 1, 0, 0, 0], 0, ([184, 33, 151], [433, 278, 6, 149]), [7, 1, 1], [0, 0]]
['org.gnu.emacs_300093003', 1, [1, 0, 0, 0, 0, 0, 0, 0], 0, ([68, 68, 0], [237, 227, 0, 10]), [11, 1, 0], [0, 0]]
['io.github.ismywebsiteup_11', 0, [0, 0, 0, 0, 0, 0, 0, 0], 0, ([0, 0, 0], [0, 0, 0, 0]), [0, 0, 0], [0, 0]]
['fr.xgouchet.packageexplorer_19', 0, [0, 0, 0, 0, 0, 0, 0, 0], 0, ([0, 0, 0], [0, 0, 0, 0]), [0, 0, 0], [0, 0]]
['de.storchp.fdroidbuildstatus_112', 0, [0, 0, 0, 0, 0, 0, 0, 0], 0, ([0, 0, 0], [0, 0, 0, 0]), [0, 0, 0], [0, 0]]
['org.ligi.blexplorer_12', 0, [0, 0, 0, 0, 0, 0, 0, 0], 0, ([0, 0, 0], [0, 0, 0, 0]), [0, 0, 0], [0, 0]]
['com.mobiperf_1050', 0, [0, 0, 0, 0, 0, 0, 0, 0], 0, ([0, 0, 0], [0, 0, 0, 0]), [0, 0, 0], [0, 0]]
['de.grobox.appbundlereporter_2', 0, [0, 0, 0, 0, 0, 0, 0, 0], 0, ([0, 0, 0], [0, 0, 0, 0]), [0, 0, 0], [0, 0]]
['com.github.mofosyne.instantreadme_1', 0, [0, 0, 0, 0, 0, 0, 0, 0], 0, ([0, 0, 0], [0, 0, 0, 0]), [0, 0, 0], [0, 0]]
['com.valleytg.oasvn.android_11', 0, [0, 0, 0, 0, 0, 0, 0, 0], 0, ([0, 0, 0], [0, 0, 0, 0]), [0, 0, 0], [0, 0]]
['io.kubenav.kubenav_89', 1, [1, 1, 0, 0, 1, 0, 0, 0], 0, ([110, 35, 75], [383, 365, 1, 17]), [3, 1, 1], [0, 0]]
['org.servDroid.web_1000300', 0, [0, 0, 0, 0, 0, 0, 0, 0], 0, ([0, 0, 0], [0, 0, 0, 0]), [0, 0, 0], [0, 0]]
['com.lindevhard.android.raspfinder_3', 0, [0, 0, 0, 0, 0, 0, 0, 0], 0, ([0, 0, 0], [0, 0, 0, 0]), [0, 0, 0], [0, 0]]
['com.termux.styling_1000', 0, [0, 0, 0, 0, 0, 0, 0, 0], 0, ([0, 0, 0], [0, 0, 0, 0]), [0, 0, 0], [0, 0]]
['org.godotengine.editor.v4_403005003', 1, [1, 0, 0, 0, 0, 0, 0, 0], 0, ([37, 37, 0], [129, 115, 7, 7]), [2, 1, 0], [0, 0]]
['org.developfreedom.ccdroid.app_2', 0, [0, 0, 0, 0, 0, 0, 0, 0], 0, ([2, 0, 2], [3, 3, 0, 0]), [0, 0, 0], [0, 0]]
['de.tu_darmstadt.seemoo.nfcgate_14', 1, [1, 1, 0, 0, 0, 0, 0, 0], 0, ([4, 0, 4], [5, 5, 0, 0]), [1, 1, 0], [0, 0]]
['nl.tsmeets.todotree_6', 0, [0, 0, 0, 0, 0, 0, 0, 0], 0, ([0, 0, 0], [0, 0, 0, 0]), [0, 0, 0], [0, 0]]
['com.tmendes.dadosd_4', 0, [0, 0, 0, 0, 0, 0, 0, 0], 0, ([0, 0, 0], [0, 0, 0, 0]), [0, 0, 0], [0, 0]]
['com.trianguloy.numericriddlegenerator_7', 0, [0, 0, 0, 0, 0, 0, 0, 0], 0, ([0, 0, 0], [0, 0, 0, 0]), [0, 0, 0], [0, 0]]
['nodom.darkfm.inventoryguimobile_2', 0, [0, 0, 0, 0, 0, 0, 0, 0], 0, ([0, 0, 0], [0, 0, 0, 0]), [0, 0, 0], [0, 0]]
['com.googlecode.gogodroid_21', 0, [0, 0, 0, 0, 0, 0, 0, 0], 0, ([0, 0, 0], [0, 0, 0, 0]), [0, 0, 0], [7, 0]]
['org.ligi.ajsha_12', 0, [0, 0, 0, 0, 0, 0, 0, 0], 0, ([0, 0, 0], [0, 0, 0, 0]), [0, 0, 0], [0, 0]]
['org.echoline.drawterm_2', 1, [1, 1, 0, 1, 1, 0, 0, 0], 0, ([13, 0, 13], [24, 22, 0, 2]), [1, 1, 0], [0, 0]]
['me.shrimadhavuk.numselapp_1', 0, [0, 0, 0, 0, 0, 0, 0, 0], 0, ([0, 0, 0], [0, 0, 0, 0]), [0, 0, 0], [0, 0]]
['fr.ralala.hexviewer_157', 0, [0, 0, 0, 0, 0, 0, 0, 0], 0, ([0, 0, 0], [0, 0, 0, 0]), [0, 0, 0], [0, 0]]
['io.github.randomfilemaker_10', 0, [0, 0, 0, 0, 0, 0, 0, 0], 0, ([0, 0, 0], [0, 0, 0, 0]), [0, 0, 0], [0, 0]]
['org.gittner.osmbugs_50', 0, [0, 0, 0, 0, 0, 0, 0, 0], 0, ([0, 0, 0], [0, 0, 0, 0]), [0, 0, 0], [0, 0]]
['im.nfc.nfsee_204003', 1, [1, 0, 0, 0, 0, 0, 0, 0], 0, ([42, 4, 38], [152, 135, 1, 16]), [3, 0, 1], [0, 0]]
['org.godotengine.editor.v3_306005003', 1, [1, 0, 0, 0, 0, 0, 0, 0], 0, ([36, 36, 0], [123, 111, 7, 5]), [2, 1, 0], [0, 0]]
['taco.scoop_34', 0, [0, 0, 0, 0, 0, 0, 0, 0], 0, ([0, 0, 0], [0, 0, 0, 0]), [0, 0, 0], [0, 0]]
['com.nomadlabs.labcoat.deeplinks_1', 0, [0, 0, 0, 0, 0, 0, 0, 0], 0, ([0, 0, 0], [0, 0, 0, 0]), [0, 0, 0], [0, 0]]
['com.mattmaniak.queueToDo_6', 1, [1, 1, 0, 0, 1, 0, 0, 0], 0, ([31, 4, 27], [113, 101, 1, 11]), [2, 0, 1], [0, 0]]
['com.tkjelectronics.balanduino_1200063', 0, [0, 0, 0, 0, 0, 0, 0, 0], 0, ([0, 0, 0], [0, 0, 0, 0]), [0, 0, 0], [0, 0]]
['dev.chungjungsoo.gptmobile_15', 1, [1, 1, 0, 1, 1, 0, 0, 0], 0, ([8, 0, 8], [24, 23, 0, 1]), [2, 1, 1], [0, 0]]
['exa.lnx.a_665', 0, [0, 0, 0, 0, 0, 0, 0, 0], 0, ([0, 0, 0], [0, 0, 0, 0]), [0, 0, 0], [0, 0]]
['com.blacksquircle.ui_10022', 0, [0, 0, 0, 0, 0, 0, 0, 0], 0, ([0, 0, 0], [0, 0, 0, 0]), [0, 0, 0], [0, 0]]
['com.jotabout.screeninfo_107', 0, [0, 0, 0, 0, 0, 0, 0, 0], 0, ([0, 0, 0], [0, 0, 0, 0]), [0, 0, 0], [0, 0]]
['com.emmaguy.cleanstatusbar_18', 0, [0, 0, 0, 0, 0, 0, 0, 0], 0, ([0, 0, 0], [0, 0, 0, 0]), [0, 0, 0], [0, 0]]
['net.bluetoothviewer_8', 0, [0, 0, 0, 0, 0, 0, 0, 0], 0, ([0, 0, 0], [0, 0, 0, 0]), [0, 0, 0], [0, 0]]
['org.madore.android.unicodeMap_4', 0, [0, 0, 0, 0, 0, 0, 0, 0], 0, ([0, 0, 0], [0, 0, 0, 0]), [0, 0, 0], [0, 0]]
['io.github.wh201906.serialpipe_3', 0, [0, 0, 0, 0, 0, 0, 0, 0], 0, ([0, 0, 0], [0, 0, 0, 0]), [0, 0, 0], [0, 0]]
['org.jtb.httpmon_27', 0, [0, 0, 0, 0, 0, 0, 0, 0], 0, ([0, 0, 0], [0, 0, 0, 0]), [0, 0, 0], [0, 0]]
['net.debian.debiandroid_21', 0, [0, 0, 0, 0, 0, 0, 0, 0], 0, ([0, 0, 0], [0, 0, 0, 0]), [0, 0, 0], [0, 0]]
['com.googlecode.networklog_22501', 0, [0, 0, 0, 0, 0, 0, 0, 0], 0, ([0, 0, 0], [0, 0, 0, 0]), [0, 0, 0], [0, 0]]
['io.muetsch.anchrandroid_33', 1, [1, 1, 0, 0, 1, 0, 0, 0], 0, ([36, 5, 31], [134, 120, 1, 13]), [2, 0, 1], [0, 0]]
['com.fredhappyface.brainf_20240826', 0, [0, 0, 0, 0, 0, 0, 0, 0], 0, ([0, 0, 0], [0, 0, 0, 0]), [0, 0, 0], [0, 0]]
['com.vovagorodok.ble_ota_app_12', 1, [1, 1, 0, 0, 1, 0, 0, 0], 0, ([103, 23, 80], [263, 182, 5, 76]), [2, 0, 1], [0, 0]]
['com.madgag.agit_139000000', 0, [0, 0, 0, 0, 0, 0, 0, 0], 0, ([0, 0, 0], [0, 0, 0, 0]), [0, 0, 0], [0, 0]]
