apk_name, have_lib, [arm64-v8a, armeabi-v7a, armeabi, x86, x86_64, mips, mips64, other], native-activity, ([jni_method_total_num, static_num, nostatic_num], [total_all_type, total_basic_type, total_icc_type, total_complex_type, total_complex_type]), [so_total_num, so_Java_num, so_onLoad_num], [have_other_elf, have_pwd_zip]
['xdsopl.robot36_64', 0, [0, 0, 0, 0, 0, 0, 0, 0], 0, ([0, 0, 0], [0, 0, 0, 0]), [0, 0, 0], [0, 0]]
['miccah.mpvremote_2', 0, [0, 0, 0, 0, 0, 0, 0, 0], 0, ([0, 0, 0], [0, 0, 0, 0]), [0, 0, 0], [0, 0]]
['ru.aleksandr.dccppthrottle_1333', 0, [0, 0, 0, 0, 0, 0, 0, 0], 0, ([0, 0, 0], [0, 0, 0, 0]), [0, 0, 0], [0, 0]]
['com.github.shadowsocks.plugin.ck_client_22', 1, [1, 1, 0, 1, 1, 0, 0, 0], 0, ([0, 0, 0], [0, 0, 0, 0]), [1, 0, 0], [0, 0]]
['com.blogspot.developersu.ns_usbloader_7', 0, [0, 0, 0, 0, 0, 0, 0, 0], 0, ([0, 0, 0], [0, 0, 0, 0]), [0, 0, 0], [0, 0]]
['org.grating.recolldroid_2', 1, [1, 1, 0, 1, 1, 0, 0, 0], 0, ([12, 0, 12], [32, 31, 0, 1]), [2, 1, 1], [0, 0]]
['com.smoothie.wirelessDebuggingSwitch_4', 0, [0, 0, 0, 0, 0, 0, 0, 0], 0, ([0, 0, 0], [0, 0, 0, 0]), [0, 0, 0], [0, 0]]
['org.jsl.shmp_1', 0, [0, 0, 0, 0, 0, 0, 0, 0], 0, ([0, 0, 0], [0, 0, 0, 0]), [0, 0, 0], [0, 0]]
['org.localsend.localsend_app_563', 1, [1, 0, 0, 0, 0, 0, 0, 0], 0, ([41, 4, 37], [151, 134, 1, 16]), [3, 0, 1], [0, 0]]
['pro.oblivioncoding.fluffy_board_33112291', 1, [1, 1, 0, 0, 1, 0, 0, 0], 0, ([35, 4, 31], [129, 115, 1, 13]), [2, 0, 1], [0, 0]]
['net.thunderbird.android.beta_11', 1, [1, 1, 0, 1, 1, 0, 0, 0], 0, ([14, 6, 8], [102, 77, 0, 25]), [2, 1, 1], [0, 0]]
['de.seemoo.at_tracking_detection_50', 1, [1, 1, 0, 1, 1, 0, 0, 0], 0, ([8, 0, 8], [24, 23, 0, 1]), [1, 0, 1], [0, 0]]
['chat.simplex.app_269', 1, [1, 0, 0, 0, 0, 0, 0, 0], 0, ([31, 23, 8], [151, 123, 0, 28]), [5, 2, 1], [0, 0]]
['de.bulling.barcodebuddyscanner_10', 0, [0, 0, 0, 0, 0, 0, 0, 0], 0, ([0, 0, 0], [0, 0, 0, 0]), [0, 0, 0], [0, 0]]
['allen.town.focus.mastodon_1630', 1, [1, 1, 0, 1, 1, 0, 0, 0], 0, ([3, 3, 0], [11, 3, 0, 8]), [1, 0, 1], [0, 0]]
['com.drhoffmannstoolsdataloggerreader_59', 0, [0, 0, 0, 0, 0, 0, 0, 0], 0, ([0, 0, 0], [0, 0, 0, 0]), [0, 0, 0], [0, 0]]
['io.github.project_kaat.gpsdrelay_5', 0, [0, 0, 0, 0, 0, 0, 0, 0], 0, ([0, 0, 0], [0, 0, 0, 0]), [0, 0, 0], [0, 0]]
['com.trianguloy.urlchecker_38', 0, [0, 0, 0, 0, 0, 0, 0, 0], 0, ([0, 0, 0], [0, 0, 0, 0]), [0, 0, 0], [0, 0]]
['com.elektropepi.bootboi_11', 1, [1, 1, 0, 1, 1, 0, 0, 0], 0, ([197, 129, 68], [512, 428, 0, 84]), [28, 0, 14], [0, 0]]
['tech.platypush.platypush_1000100', 0, [0, 0, 0, 0, 0, 0, 0, 0], 0, ([0, 0, 0], [0, 0, 0, 0]), [0, 0, 0], [0, 0]]
['hev.sockstun_4', 1, [1, 1, 0, 1, 1, 0, 0, 0], 0, ([3, 3, 0], [5, 5, 0, 0]), [1, 0, 1], [0, 0]]
['org.disrupted.rumble_16', 0, [0, 0, 0, 0, 0, 0, 0, 0], 0, ([0, 0, 0], [0, 0, 0, 0]), [0, 0, 0], [0, 0]]
['com.example.flutter_http_server_40', 1, [1, 1, 0, 0, 1, 0, 0, 0], 0, ([38, 4, 34], [143, 127, 1, 15]), [2, 0, 1], [0, 0]]
['de.cweiske.headphoneindicator_3', 0, [0, 0, 0, 0, 0, 0, 0, 0], 0, ([0, 0, 0], [0, 0, 0, 0]), [0, 0, 0], [0, 0]]
['com.sinpo.xnfc_15', 0, [0, 0, 0, 0, 0, 0, 0, 0], 0, ([0, 0, 0], [0, 0, 0, 0]), [0, 0, 0], [0, 0]]
['org.gnosco.share2archivetoday_30', 0, [0, 0, 0, 0, 0, 0, 0, 0], 0, ([0, 0, 0], [0, 0, 0, 0]), [0, 0, 0], [0, 0]]
['net.loeuillet.wifi_eap_sim_conf_1', 0, [0, 0, 0, 0, 0, 0, 0, 0], 0, ([0, 0, 0], [0, 0, 0, 0]), [0, 0, 0], [0, 0]]
['pl.net.szafraniec.NFCKey_24', 0, [0, 0, 0, 0, 0, 0, 0, 0], 0, ([0, 0, 0], [0, 0, 0, 0]), [0, 0, 0], [0, 0]]
['me.hackerchick.sharetoinputstick_22', 0, [0, 0, 0, 0, 0, 0, 0, 0], 0, ([0, 0, 0], [0, 0, 0, 0]), [0, 0, 0], [0, 0]]
['com.github.shadowsocks.tv_5030450', 1, [1, 1, 0, 1, 1, 0, 0, 0], 0, ([0, 0, 0], [0, 0, 0, 0]), [3, 0, 0], [0, 0]]
['nodomain.freeyourgadget.tpmsmonitor_1', 0, [0, 0, 0, 0, 0, 0, 0, 0], 0, ([0, 0, 0], [0, 0, 0, 0]), [0, 0, 0], [0, 0]]
['com.trianguloy.continuousDataUsage_28', 0, [0, 0, 0, 0, 0, 0, 0, 0], 0, ([0, 0, 0], [0, 0, 0, 0]), [0, 0, 0], [0, 0]]
['de.syss.MifareClassicTool_68', 0, [0, 0, 0, 0, 0, 0, 0, 0], 0, ([0, 0, 0], [0, 0, 0, 0]), [0, 0, 0], [0, 0]]
['net.usikkert.kouchat.android_16', 0, [0, 0, 0, 0, 0, 0, 0, 0], 0, ([0, 0, 0], [0, 0, 0, 0]), [0, 0, 0], [0, 0]]
['com.vsmartcard.remotesmartcardreader.app_8', 0, [0, 0, 0, 0, 0, 0, 0, 0], 0, ([0, 0, 0], [0, 0, 0, 0]), [0, 0, 0], [0, 0]]
['com.jerameeldelosreyes.bacon_13', 1, [1, 1, 0, 1, 1, 0, 0, 0], 0, ([212, 132, 80], [549, 456, 0, 93]), [57, 0, 14], [0, 0]]
['de.rochefort.childmonitor_14', 0, [0, 0, 0, 0, 0, 0, 0, 0], 0, ([0, 0, 0], [0, 0, 0, 0]), [0, 0, 0], [0, 0]]
['net.ibbaa.keepitup_11', 0, [0, 0, 0, 0, 0, 0, 0, 0], 0, ([0, 0, 0], [0, 0, 0, 0]), [0, 0, 0], [0, 0]]
['io.homeassistant.companion.android.minimal_14946', 1, [1, 1, 0, 1, 1, 0, 0, 0], 0, ([144, 136, 8], [474, 427, 0, 47]), [2, 0, 2], [0, 0]]
['cloud.valetudo.companion_14', 0, [0, 0, 0, 0, 0, 0, 0, 0], 0, ([0, 0, 0], [0, 0, 0, 0]), [0, 0, 0], [0, 0]]
['net.xtlive.EDL.Dashboard_8', 0, [0, 0, 0, 0, 0, 0, 0, 0], 0, ([0, 0, 0], [0, 0, 0, 0]), [0, 0, 0], [0, 0]]
['f.cking.software_1708536365', 1, [1, 1, 0, 1, 1, 0, 0, 0], 0, ([8, 0, 8], [24, 23, 0, 1]), [1, 0, 1], [0, 0]]
['org.joinmastodon.android.moshinda_108', 0, [0, 0, 0, 0, 0, 0, 0, 0], 0, ([0, 0, 0], [0, 0, 0, 0]), [0, 0, 0], [0, 0]]
['com.dosse.airpods_23', 0, [0, 0, 0, 0, 0, 0, 0, 0], 0, ([0, 0, 0], [0, 0, 0, 0]), [0, 0, 0], [0, 0]]
['com.jpwolfso.privdnsqt_6', 0, [0, 0, 0, 0, 0, 0, 0, 0], 0, ([0, 0, 0], [0, 0, 0, 0]), [0, 0, 0], [0, 0]]
['info.guardianproject.gilga_12', 0, [0, 0, 0, 0, 0, 0, 0, 0], 0, ([0, 0, 0], [0, 0, 0, 0]), [0, 0, 0], [0, 0]]
['com.evenement.encapsulation_3', 0, [0, 0, 0, 0, 0, 0, 0, 0], 0, ([0, 0, 0], [0, 0, 0, 0]), [0, 0, 0], [0, 0]]
['com.maksimowiczm.findmyip_4', 1, [1, 1, 0, 1, 1, 0, 0, 0], 0, ([8, 0, 8], [24, 23, 0, 1]), [2, 1, 1], [0, 0]]
['org.ostrya.presencepublisher_56', 0, [0, 0, 0, 0, 0, 0, 0, 0], 0, ([0, 0, 0], [0, 0, 0, 0]), [0, 0, 0], [0, 0]]
['org.unifiedpush.distributor.noprovider2push_7', 0, [0, 0, 0, 0, 0, 0, 0, 0], 0, ([182, 182, 0], [480, 465, 0, 15]), [0, 0, 0], [0, 0]]
['com.abhijitvalluri.android.fitnotifications_46', 0, [0, 0, 0, 0, 0, 0, 0, 0], 0, ([0, 0, 0], [0, 0, 0, 0]), [0, 0, 0], [0, 0]]
['com.mystro256.autooffbluetooth_5', 0, [0, 0, 0, 0, 0, 0, 0, 0], 0, ([0, 0, 0], [0, 0, 0, 0]), [0, 0, 0], [0, 0]]
['com.windscribe.vpn_1570', 1, [1, 1, 0, 1, 1, 0, 0, 0], 0, ([597, 428, 169], [1889, 1401, 0, 488]), [15, 3, 5], [4, 0]]
['au.id.colby.nfcquicksettings_14', 0, [0, 0, 0, 0, 0, 0, 0, 0], 0, ([0, 0, 0], [0, 0, 0, 0]), [0, 0, 0], [0, 0]]
['org.wahtod.wififixer_1165', 0, [0, 0, 0, 0, 0, 0, 0, 0], 0, ([0, 0, 0], [0, 0, 0, 0]), [0, 0, 0], [0, 0]]
['io.github.otakuchiyan.dnsman_101', 0, [0, 0, 0, 0, 0, 0, 0, 0], 0, ([0, 0, 0], [0, 0, 0, 0]), [0, 0, 0], [0, 0]]
['io.mkg20001.arubanetworkslogin_5000', 0, [0, 0, 0, 0, 0, 0, 0, 0], 0, ([0, 0, 0], [0, 0, 0, 0]), [0, 0, 0], [0, 0]]
['be.uhasselt.privacypolice_13', 0, [0, 0, 0, 0, 0, 0, 0, 0], 0, ([0, 0, 0], [0, 0, 0, 0]), [0, 0, 0], [0, 0]]
['priv.wh201906.serialtest_35', 1, [1, 1, 0, 1, 1, 0, 0, 0], 0, ([104, 89, 15], [312, 286, 3, 23]), [81, 4, 16], [0, 0]]
['org.booncode.bluepass4_5', 0, [0, 0, 0, 0, 0, 0, 0, 0], 0, ([0, 0, 0], [0, 0, 0, 0]), [0, 0, 0], [0, 0]]
['nl.eventinfra.wifisetup_20231222', 0, [0, 0, 0, 0, 0, 0, 0, 0], 0, ([0, 0, 0], [0, 0, 0, 0]), [0, 0, 0], [0, 0]]
['com.fr3ts0n.androbd.plugin.sensorprovider_10101', 0, [0, 0, 0, 0, 0, 0, 0, 0], 0, ([0, 0, 0], [0, 0, 0, 0]), [0, 0, 0], [0, 0]]
['io.github.datastopwatch_10', 0, [0, 0, 0, 0, 0, 0, 0, 0], 0, ([0, 0, 0], [0, 0, 0, 0]), [0, 0, 0], [0, 0]]
['com.dje.openwifinetworkremover_27', 0, [0, 0, 0, 0, 0, 0, 0, 0], 0, ([0, 0, 0], [0, 0, 0, 0]), [0, 0, 0], [0, 0]]
['org.primftpd_66', 0, [0, 0, 0, 0, 0, 0, 0, 0], 0, ([0, 0, 0], [0, 0, 0, 0]), [0, 0, 0], [0, 0]]
['com.github.shadowsocks.plugin.v2ray_1030300', 1, [1, 1, 0, 1, 1, 0, 0, 0], 0, ([0, 0, 0], [0, 0, 0, 0]), [1, 0, 0], [0, 0]]
['com.github.ktsr42.rsyncserver_3', 0, [0, 0, 0, 0, 0, 0, 0, 0], 0, ([0, 0, 0], [0, 0, 0, 0]), [0, 0, 0], [0, 0]]
['et.nWifiManager_16', 0, [0, 0, 0, 0, 0, 0, 0, 0], 0, ([0, 0, 0], [0, 0, 0, 0]), [0, 0, 0], [0, 0]]
['studio.okcode.open_alert_viewer_170', 1, [1, 1, 0, 1, 1, 0, 0, 0], 0, ([42, 4, 38], [152, 135, 1, 16]), [3, 0, 1], [0, 0]]
['com.poppingmoon.aria_443', 1, [1, 0, 0, 0, 0, 0, 0, 0], 0, ([315, 36, 279], [609, 340, 6, 263]), [3, 0, 1], [0, 0]]
['de.buttercookie.simbadroid_5', 0, [0, 0, 0, 0, 0, 0, 0, 0], 0, ([0, 0, 0], [0, 0, 0, 0]), [0, 0, 0], [0, 0]]
['net.luniks.android.inetify_20', 0, [0, 0, 0, 0, 0, 0, 0, 0], 0, ([0, 0, 0], [0, 0, 0, 0]), [0, 0, 0], [0, 0]]
['fr.librinfo.evecontrol2_20000', 0, [0, 0, 0, 0, 0, 0, 0, 0], 0, ([0, 0, 0], [0, 0, 0, 0]), [0, 0, 0], [0, 0]]
['com.controlloid_11', 1, [1, 1, 0, 1, 1, 0, 0, 0], 0, ([192, 131, 61], [491, 418, 0, 73]), [16, 0, 10], [0, 0]]
['org.ndeftools.boilerplate_3', 0, [0, 0, 0, 0, 0, 0, 0, 0], 0, ([0, 0, 0], [0, 0, 0, 0]), [0, 0, 0], [0, 0]]
['com.moonpi.tapunlock_13', 0, [0, 0, 0, 0, 0, 0, 0, 0], 0, ([0, 0, 0], [0, 0, 0, 0]), [0, 0, 0], [0, 0]]
['xyz.pisoj.og.nettools_1', 0, [0, 0, 0, 0, 0, 0, 0, 0], 0, ([0, 0, 0], [0, 0, 0, 0]), [0, 0, 0], [0, 0]]
['org.unifiedpush.example_27', 1, [1, 1, 0, 1, 1, 0, 0, 0], 0, ([8, 0, 8], [24, 23, 0, 1]), [1, 0, 1], [0, 0]]
['com.simonramstedt.yoke_4', 0, [0, 0, 0, 0, 0, 0, 0, 0], 0, ([0, 0, 0], [0, 0, 0, 0]), [0, 0, 0], [0, 0]]
['org.pacien.tincapp_42', 1, [1, 1, 0, 1, 1, 0, 0, 0], 0, ([0, 0, 0], [0, 0, 0, 0]), [3, 0, 0], [0, 0]]
['com.mkulesh.onpc_47', 0, [0, 0, 0, 0, 0, 0, 0, 0], 0, ([0, 0, 0], [0, 0, 0, 0]), [0, 0, 0], [0, 0]]
['ir.remote.edifier.rc10e_1', 0, [0, 0, 0, 0, 0, 0, 0, 0], 0, ([0, 0, 0], [0, 0, 0, 0]), [0, 0, 0], [0, 0]]
['dev.marchello.sharik_13', 1, [1, 1, 0, 0, 1, 0, 0, 0], 0, ([36, 5, 31], [134, 120, 1, 13]), [2, 0, 1], [0, 0]]
['com.daniebeler.pfpixelix_25', 1, [1, 1, 0, 1, 1, 0, 0, 0], 0, ([12, 0, 12], [32, 31, 0, 1]), [2, 1, 1], [0, 0]]
['com.example.booklistingapk_2', 0, [0, 0, 0, 0, 0, 0, 0, 0], 0, ([0, 0, 0], [0, 0, 0, 0]), [0, 0, 0], [0, 0]]
['dev.patri9ck.a2ln_19', 0, [0, 0, 0, 0, 0, 0, 0, 0], 0, ([0, 0, 0], [0, 0, 0, 0]), [0, 0, 0], [0, 0]]
['com.craxiom.networksurvey_87', 1, [1, 1, 0, 1, 1, 0, 0, 0], 0, ([128, 120, 8], [405, 387, 0, 18]), [2, 0, 2], [0, 0]]
['threads.thor_175', 1, [1, 1, 0, 1, 1, 0, 0, 0], 0, ([8, 0, 8], [24, 23, 0, 1]), [2, 1, 1], [0, 0]]
['be.ppareit.swiftp_free_30100', 0, [0, 0, 0, 0, 0, 0, 0, 0], 0, ([0, 0, 0], [0, 0, 0, 0]), [0, 0, 0], [0, 0]]
['de.felixnuesse.timedsilence_9', 0, [0, 0, 0, 0, 0, 0, 0, 0], 0, ([0, 0, 0], [0, 0, 0, 0]), [0, 0, 0], [0, 0]]
['de.jbservices.nc_passwords_app_24', 1, [1, 1, 0, 1, 1, 0, 0, 0], 0, ([38, 4, 34], [143, 127, 1, 15]), [3, 0, 1], [0, 0]]
['ch.blinkenlights.android.apnswitch_132351998', 0, [0, 0, 0, 0, 0, 0, 0, 0], 0, ([0, 0, 0], [0, 0, 0, 0]), [0, 0, 0], [0, 0]]
['ooo.akito.webmon_14', 0, [0, 0, 0, 0, 0, 0, 0, 0], 0, ([0, 0, 0], [0, 0, 0, 0]), [0, 0, 0], [0, 0]]
['com.chaser.paintballnotificator_10201', 0, [0, 0, 0, 0, 0, 0, 0, 0], 0, ([91, 91, 0], [285, 271, 0, 14]), [0, 0, 0], [0, 0]]
['com.github.grimpy.botifier_16', 0, [0, 0, 0, 0, 0, 0, 0, 0], 0, ([0, 0, 0], [0, 0, 0, 0]), [0, 0, 0], [0, 0]]
['me.sergiotarxz.bedrockstation.pro_3', 0, [0, 0, 0, 0, 0, 0, 0, 0], 0, ([0, 0, 0], [0, 0, 0, 0]), [0, 0, 0], [0, 0]]
['ru.glesik.wifireminders_1340', 0, [0, 0, 0, 0, 0, 0, 0, 0], 0, ([0, 0, 0], [0, 0, 0, 0]), [0, 0, 0], [0, 0]]
['io.github.mkckr0.audio_share_app_3002', 1, [1, 1, 0, 1, 1, 0, 0, 0], 0, ([8, 0, 8], [24, 23, 0, 1]), [2, 1, 1], [0, 0]]
['se.leap.bitmaskclient_176000', 1, [1, 1, 0, 1, 1, 0, 0, 0], 0, ([439, 335, 104], [1186, 937, 0, 249]), [6, 3, 3], [4, 0]]
['com.nextcloud.talk2_200010190', 1, [1, 1, 0, 1, 1, 0, 0, 0], 0, ([597, 476, 121], [1847, 1443, 8, 396]), [7, 4, 5], [0, 0]]
['com.dririan.RingyDingyDingy_705', 0, [0, 0, 0, 0, 0, 0, 0, 0], 0, ([0, 0, 0], [0, 0, 0, 0]), [0, 0, 0], [0, 0]]
['de.micmun.android.nextcloudcookbook_302', 0, [0, 0, 0, 0, 0, 0, 0, 0], 0, ([0, 0, 0], [0, 0, 0, 0]), [0, 0, 0], [0, 0]]
['org.talkingpanda.osram_remote_11', 1, [1, 1, 0, 0, 1, 0, 0, 0], 0, ([41, 4, 37], [152, 135, 1, 16]), [2, 0, 1], [0, 0]]
['theakki.synctool_142', 0, [0, 0, 0, 0, 0, 0, 0, 0], 0, ([0, 0, 0], [0, 0, 0, 0]), [0, 0, 0], [0, 0]]
['xyz.malkki.neostumbler.fdroid_25', 1, [1, 1, 0, 1, 1, 0, 0, 0], 0, ([537, 4, 533], [1010, 684, 0, 326]), [3, 1, 2], [0, 0]]
['org.alberto97.ouilookup_22', 1, [1, 1, 0, 1, 1, 0, 0, 0], 0, ([0, 0, 0], [0, 0, 0, 0]), [1, 1, 0], [0, 0]]
['dev.theolm.wwc_25', 1, [1, 1, 0, 1, 1, 0, 0, 0], 0, ([12, 0, 12], [32, 31, 0, 1]), [2, 1, 1], [0, 0]]
['friimaind.piholedroid_10005', 0, [0, 0, 0, 0, 0, 0, 0, 0], 0, ([0, 0, 0], [0, 0, 0, 0]), [0, 0, 0], [0, 0]]
['org.fsociety.vernet_32', 1, [1, 1, 0, 0, 1, 0, 0, 0], 0, ([41, 4, 37], [151, 134, 1, 16]), [2, 0, 1], [0, 0]]
['dev.robin.flip_2_dnd_11', 0, [0, 0, 0, 0, 0, 0, 0, 0], 0, ([0, 0, 0], [0, 0, 0, 0]), [0, 0, 0], [0, 0]]
['com.gs.mobileprint_1', 0, [0, 0, 0, 0, 0, 0, 0, 0], 0, ([0, 0, 0], [0, 0, 0, 0]), [0, 0, 0], [0, 0]]
['me.ocv.partyup_10700', 0, [0, 0, 0, 0, 0, 0, 0, 0], 0, ([0, 0, 0], [0, 0, 0, 0]), [0, 0, 0], [0, 0]]
['de.computerelite.shockalarm_10', 1, [1, 1, 0, 0, 1, 0, 0, 0], 0, ([42, 4, 38], [152, 135, 1, 16]), [2, 0, 1], [0, 0]]
['d.d.meshenger_443', 1, [1, 1, 0, 1, 1, 0, 0, 0], 0, ([518, 464, 54], [1595, 1454, 8, 133]), [2, 2, 1], [0, 0]]
['net.lardcave.keepassnfc_2', 0, [0, 0, 0, 0, 0, 0, 0, 0], 0, ([0, 0, 0], [0, 0, 0, 0]), [0, 0, 0], [0, 0]]
['sk.madzik.android.logcatudp_5', 0, [0, 0, 0, 0, 0, 0, 0, 0], 0, ([0, 0, 0], [0, 0, 0, 0]), [0, 0, 0], [0, 0]]
['com.emacberry.uuid0xfd6fscan_9117', 0, [0, 0, 0, 0, 0, 0, 0, 0], 0, ([0, 0, 0], [0, 0, 0, 0]), [0, 0, 0], [0, 0]]
['io.rebble.charon_5', 0, [0, 0, 0, 0, 0, 0, 0, 0], 0, ([0, 0, 0], [0, 0, 0, 0]), [0, 0, 0], [0, 0]]
['com.alexkang.bluechat_2', 0, [0, 0, 0, 0, 0, 0, 0, 0], 0, ([0, 0, 0], [0, 0, 0, 0]), [0, 0, 0], [0, 0]]
['org.avmedia.remotevideocam_33', 1, [1, 1, 0, 1, 1, 0, 0, 0], 0, ([2999, 2945, 54], [13113, 12952, 8, 153]), [3, 2, 2], [0, 0]]
['anonvpn.anon_next.android_22', 0, [0, 0, 0, 0, 0, 0, 0, 0], 0, ([21, 15, 6], [27, 27, 0, 0]), [0, 0, 0], [0, 0]]
['com.fr3ts0n.androbd.plugin.gpsprovider_10101', 0, [0, 0, 0, 0, 0, 0, 0, 0], 0, ([0, 0, 0], [0, 0, 0, 0]), [0, 0, 0], [0, 0]]
['io.github.benoitduffez.cupsprint_1050099', 0, [0, 0, 0, 0, 0, 0, 0, 0], 0, ([0, 0, 0], [0, 0, 0, 0]), [0, 0, 0], [0, 0]]
['pw.thedrhax.mosmetro_77', 0, [0, 0, 0, 0, 0, 0, 0, 0], 0, ([0, 0, 0], [0, 0, 0, 0]), [0, 0, 0], [0, 0]]
['kiwi.root.an2linuxclient_19', 0, [0, 0, 0, 0, 0, 0, 0, 0], 0, ([0, 0, 0], [0, 0, 0, 0]), [0, 0, 0], [0, 0]]
['com.app.missednotificationsreminder_2010605222', 0, [0, 0, 0, 0, 0, 0, 0, 0], 0, ([0, 0, 0], [0, 0, 0, 0]), [0, 0, 0], [0, 0]]
['github.umer0586.sensorserver_34', 0, [0, 0, 0, 0, 0, 0, 0, 0], 0, ([0, 0, 0], [0, 0, 0, 0]), [0, 0, 0], [0, 0]]
['org.kknickkk.spider_13', 0, [0, 0, 0, 0, 0, 0, 0, 0], 0, ([0, 0, 0], [0, 0, 0, 0]), [0, 0, 0], [0, 0]]
['me.murks.filmchecker_21', 0, [0, 0, 0, 0, 0, 0, 0, 0], 0, ([0, 0, 0], [0, 0, 0, 0]), [0, 0, 0], [0, 0]]
['de.marionoll.wgautoconnect_2', 0, [0, 0, 0, 0, 0, 0, 0, 0], 0, ([0, 0, 0], [0, 0, 0, 0]), [0, 0, 0], [0, 0]]
['org.unifiedpush.distributor.nextpush_33', 1, [1, 1, 0, 1, 1, 0, 0, 0], 0, ([8, 0, 8], [24, 23, 0, 1]), [1, 0, 1], [0, 0]]
['it.danieleverducci.nextcloudmaps_9', 0, [0, 0, 0, 0, 0, 0, 0, 0], 0, ([0, 0, 0], [0, 0, 0, 0]), [0, 0, 0], [0, 0]]
['org.gc.networktester_10', 0, [0, 0, 0, 0, 0, 0, 0, 0], 0, ([0, 0, 0], [0, 0, 0, 0]), [0, 0, 0], [0, 0]]
['com.dosse.speedtest_9', 0, [0, 0, 0, 0, 0, 0, 0, 0], 0, ([0, 0, 0], [0, 0, 0, 0]), [0, 0, 0], [0, 0]]
['org.joinmastodon.android_133', 0, [0, 0, 0, 0, 0, 0, 0, 0], 0, ([0, 0, 0], [0, 0, 0, 0]), [0, 0, 0], [0, 0]]
['pw.faraday.faraday_401010804', 1, [0, 0, 0, 0, 1, 0, 0, 0], 0, ([1693, 786, 907], [4473, 3806, 8, 659]), [70, 7, 23], [0, 0]]
['org.amoradi.syncopoli_26', 0, [0, 0, 0, 0, 0, 0, 0, 0], 0, ([0, 0, 0], [0, 0, 0, 0]), [0, 0, 0], [8, 0]]
['com.appspot.usbhidterminal_12', 0, [0, 0, 0, 0, 0, 0, 0, 0], 0, ([0, 0, 0], [0, 0, 0, 0]), [0, 0, 0], [0, 0]]
['net.nymtech.nymvpn_11800', 1, [1, 1, 1, 1, 1, 1, 1, 0], 0, ([77, 69, 8], [340, 274, 0, 66]), [5, 2, 2], [0, 0]]
['org.t2.synconwifi_3', 0, [0, 0, 0, 0, 0, 0, 0, 0], 0, ([0, 0, 0], [0, 0, 0, 0]), [0, 0, 0], [0, 0]]
['de.simon.dankelmann.bluetoothlespam_3', 0, [0, 0, 0, 0, 0, 0, 0, 0], 0, ([0, 0, 0], [0, 0, 0, 0]), [0, 0, 0], [0, 0]]
['net.mullvad.mullvadvpn_24090099', 1, [1, 1, 0, 1, 1, 0, 0, 0], 0, ([14, 0, 14], [44, 41, 0, 3]), [3, 1, 1], [0, 0]]
['io.github.chrisimx.scanbridge_1001000', 1, [1, 1, 0, 1, 1, 0, 0, 0], 0, ([8, 0, 8], [24, 23, 0, 1]), [1, 0, 1], [0, 0]]
['com.unprompted.tildefriends.fdroid_32', 1, [1, 1, 0, 1, 1, 0, 0, 0], 0, ([2, 2, 0], [7, 6, 0, 1]), [1, 0, 1], [0, 0]]
['org.savapage.android.print_1', 0, [0, 0, 0, 0, 0, 0, 0, 0], 0, ([0, 0, 0], [0, 0, 0, 0]), [0, 0, 0], [0, 0]]
['im.status.ethereum_2024121818', 1, [1, 1, 0, 1, 1, 0, 0, 0], 0, ([571, 303, 268], [1379, 1226, 0, 153]), [73, 5, 22], [0, 0]]
['com.github.umer0586.sensagram_7', 1, [1, 1, 0, 1, 1, 0, 0, 0], 0, ([12, 0, 12], [32, 31, 0, 1]), [2, 1, 1], [0, 0]]
['ch.protonvpn.android_605082402', 1, [1, 1, 0, 1, 1, 0, 0, 0], 0, ([594, 189, 405], [1264, 968, 0, 296]), [14, 8, 3], [4, 0]]
['de.onyxbits.remotekeyboard_8', 0, [0, 0, 0, 0, 0, 0, 0, 0], 0, ([0, 0, 0], [0, 0, 0, 0]), [0, 0, 0], [0, 0]]
['dev.spiegl.flyingcarpet_14', 0, [0, 0, 0, 0, 0, 0, 0, 0], 0, ([0, 0, 0], [0, 0, 0, 0]), [0, 0, 0], [0, 0]]
['espero.jiofibatterynotifier_9', 0, [0, 0, 0, 0, 0, 0, 0, 0], 0, ([0, 0, 0], [0, 0, 0, 0]), [0, 0, 0], [0, 0]]
['io.github.powerinside.syncplay_23', 0, [0, 0, 0, 0, 0, 0, 0, 0], 0, ([0, 0, 0], [0, 0, 0, 0]), [0, 0, 0], [0, 0]]
['chat.jmp.simmanager_294', 1, [1, 1, 0, 1, 1, 0, 0, 0], 0, ([47, 0, 47], [110, 107, 0, 3]), [1, 1, 1], [0, 0]]
['in.umairkhan.remotedroid_1', 0, [0, 0, 0, 0, 0, 0, 0, 0], 0, ([0, 0, 0], [0, 0, 0, 0]), [0, 0, 0], [0, 0]]
['org.strongswan.android_84', 1, [1, 1, 0, 1, 1, 0, 0, 0], 0, ([7, 2, 5], [18, 17, 0, 1]), [8, 1, 1], [0, 0]]
['net.basov.lws.qr.fdroid_50100', 0, [0, 0, 0, 0, 0, 0, 0, 0], 0, ([0, 0, 0], [0, 0, 0, 0]), [0, 0, 0], [0, 0]]
['is.zi.huewidgets_8', 0, [0, 0, 0, 0, 0, 0, 0, 0], 0, ([0, 0, 0], [0, 0, 0, 0]), [0, 0, 0], [0, 0]]
['com.dynamite.heaterrc_16', 0, [0, 0, 0, 0, 0, 0, 0, 0], 0, ([0, 0, 0], [0, 0, 0, 0]), [0, 0, 0], [0, 0]]
['com.akansh.fileserversuit_32', 1, [1, 1, 1, 1, 1, 1, 1, 0], 0, ([0, 0, 0], [0, 0, 0, 0]), [1, 1, 0], [0, 0]]
['org.bitbatzen.wlanscanner_7', 0, [0, 0, 0, 0, 0, 0, 0, 0], 0, ([0, 0, 0], [0, 0, 0, 0]), [0, 0, 0], [0, 0]]
['com.easwareapps.f2lflap2lock_adfree_3', 0, [0, 0, 0, 0, 0, 0, 0, 0], 0, ([0, 0, 0], [0, 0, 0, 0]), [0, 0, 0], [0, 0]]
['com.zaneschepke.wireguardautotunnel_36600', 1, [1, 1, 0, 1, 1, 0, 0, 0], 0, ([14, 6, 8], [37, 36, 0, 1]), [8, 3, 1], [0, 0]]
['ir.remote.edifier.rc10d1_1', 0, [0, 0, 0, 0, 0, 0, 0, 0], 0, ([0, 0, 0], [0, 0, 0, 0]), [0, 0, 0], [0, 0]]
['com.fr3ts0n.ecu.gui.androbd_20614', 0, [0, 0, 0, 0, 0, 0, 0, 0], 0, ([7, 7, 0], [17, 17, 0, 0]), [0, 0, 0], [0, 0]]
['com.github.xfalcon.vhosts_42', 0, [0, 0, 0, 0, 0, 0, 0, 0], 0, ([0, 0, 0], [0, 0, 0, 0]), [0, 0, 0], [0, 0]]
['be.casperverswijvelt.unifiedinternetqs_3010001', 1, [1, 1, 0, 1, 1, 0, 0, 0], 0, ([8, 0, 8], [24, 23, 0, 1]), [2, 1, 1], [0, 0]]
['com.io7m.exfilac.main_1104', 1, [1, 0, 1, 1, 1, 0, 0, 0], 0, ([61, 0, 61], [165, 146, 0, 19]), [1, 1, 1], [0, 0]]
['digital.selfdefense.lucia_20001', 0, [0, 0, 0, 0, 0, 0, 0, 0], 0, ([0, 0, 0], [0, 0, 0, 0]), [0, 0, 0], [0, 0]]
['dev.clombardo.dnsnet_29', 1, [1, 1, 0, 1, 1, 0, 0, 0], 0, ([8, 0, 8], [24, 23, 0, 1]), [1, 0, 1], [0, 0]]
['com.coboltforge.dontmind.multivnc_101', 1, [1, 1, 0, 1, 1, 0, 0, 0], 0, ([12, 1, 11], [34, 34, 0, 0]), [2, 2, 1], [0, 0]]
['nodomain.freeyourgadget.gadgetbridge_236', 1, [1, 1, 0, 1, 1, 0, 0, 0], 0, ([5, 5, 0], [43, 30, 0, 13]), [2, 2, 0], [0, 0]]
['org.eclipse.kuksa.companion_10000103', 1, [1, 1, 0, 1, 1, 0, 0, 0], 0, ([51, 0, 51], [151, 147, 0, 4]), [4, 1, 1], [0, 0]]
['net.nitroshare.android_40', 0, [0, 0, 0, 0, 0, 0, 0, 0], 0, ([0, 0, 0], [0, 0, 0, 0]), [0, 0, 0], [0, 0]]
['de.toshsoft.tsvnc_21', 0, [0, 0, 0, 0, 0, 0, 0, 0], 0, ([0, 0, 0], [0, 0, 0, 0]), [0, 0, 0], [0, 0]]
['com.blazecode.tsviewer_11', 0, [0, 0, 0, 0, 0, 0, 0, 0], 0, ([0, 0, 0], [0, 0, 0, 0]), [0, 0, 0], [0, 0]]
['net.basov.lws.fdroid_70000', 0, [0, 0, 0, 0, 0, 0, 0, 0], 0, ([0, 0, 0], [0, 0, 0, 0]), [0, 0, 0], [0, 0]]
['com.hg.openwrtmanager_201360', 1, [1, 1, 0, 0, 1, 0, 0, 0], 0, ([131, 19, 112], [309, 201, 4, 104]), [2, 0, 1], [0, 0]]
['de.blocklink.pigrid_5', 0, [0, 0, 0, 0, 0, 0, 0, 0], 0, ([0, 0, 0], [0, 0, 0, 0]), [0, 0, 0], [0, 0]]
['rino.org.tethercompanion_2', 0, [0, 0, 0, 0, 0, 0, 0, 0], 0, ([0, 0, 0], [0, 0, 0, 0]), [0, 0, 0], [0, 0]]
['de.j4velin.wifiAutoOff_1910', 0, [0, 0, 0, 0, 0, 0, 0, 0], 0, ([0, 0, 0], [0, 0, 0, 0]), [0, 0, 0], [0, 0]]
['net.christianbeier.droidvnc_ng_40', 1, [1, 1, 0, 1, 1, 0, 0, 0], 0, ([10, 5, 5], [25, 24, 0, 1]), [1, 1, 1], [0, 0]]
['protect.babymonitor_3', 0, [0, 0, 0, 0, 0, 0, 0, 0], 0, ([0, 0, 0], [0, 0, 0, 0]), [0, 0, 0], [0, 0]]
['com.fmsys.snapdrop_44', 0, [0, 0, 0, 0, 0, 0, 0, 0], 0, ([0, 0, 0], [0, 0, 0, 0]), [0, 0, 0], [0, 0]]
['com.kounex.obsBlade_2023012003', 1, [1, 1, 0, 0, 1, 0, 0, 0], 0, ([38, 4, 34], [143, 127, 1, 15]), [2, 0, 1], [0, 0]]
['ir.remote.edifier.rc18a_1', 0, [0, 0, 0, 0, 0, 0, 0, 0], 0, ([0, 0, 0], [0, 0, 0, 0]), [0, 0, 0], [0, 0]]
['de.phrogg.bg2banglejs_1', 0, [0, 0, 0, 0, 0, 0, 0, 0], 0, ([0, 0, 0], [0, 0, 0, 0]), [0, 0, 0], [0, 0]]
['com.tananaev.passportreader_20', 1, [1, 1, 0, 1, 1, 0, 0, 0], 0, ([6, 6, 0], [31, 31, 0, 0]), [1, 1, 1], [0, 0]]
['com.wa2c.android.cifsdocumentsprovider_29', 0, [0, 0, 0, 0, 0, 0, 0, 0], 0, ([0, 0, 0], [0, 0, 0, 0]), [0, 0, 0], [0, 0]]
['chat.seers.app_6', 1, [1, 0, 0, 0, 0, 0, 0, 0], 0, ([111, 6, 105], [469, 417, 0, 52]), [9, 6, 1], [0, 0]]
['org.freenetproject.mobile_308', 1, [1, 1, 0, 1, 1, 0, 0, 1], 0, ([97, 89, 8], [401, 331, 0, 70]), [1, 1, 1], [0, 0]]
['com.mustafaali.sensorssandbox_8', 0, [0, 0, 0, 0, 0, 0, 0, 0], 0, ([0, 0, 0], [0, 0, 0, 0]), [0, 0, 0], [0, 0]]
['com.github.shadowsocks_5030450', 1, [1, 1, 0, 1, 1, 0, 0, 0], 0, ([0, 0, 0], [0, 0, 0, 0]), [3, 0, 0], [0, 0]]
['io.treehouses.remote_6098', 1, [1, 1, 1, 1, 1, 1, 1, 0], 0, ([20, 20, 0], [46, 42, 0, 4]), [1, 1, 1], [0, 0]]
['com.xBrowserSync.android_15201', 0, [0, 0, 0, 0, 0, 0, 0, 0], 0, ([0, 0, 0], [0, 0, 0, 0]), [0, 0, 0], [0, 0]]
['org.fossasia.badgemagic_9', 1, [1, 1, 0, 1, 1, 0, 0, 0], 0, ([23, 23, 0], [53, 49, 0, 4]), [1, 1, 1], [0, 0]]
['me.testcase.ognarviewer_23', 0, [0, 0, 0, 0, 0, 0, 0, 0], 0, ([0, 0, 0], [0, 0, 0, 0]), [0, 0, 0], [0, 0]]
['org.rocstreaming.rocdroid_2002', 1, [1, 1, 0, 1, 1, 0, 0, 0], 0, ([60, 51, 9], [154, 139, 0, 15]), [4, 2, 2], [0, 0]]
['de.hampager.dapnetmobile_25', 0, [0, 0, 0, 0, 0, 0, 0, 0], 0, ([0, 0, 0], [0, 0, 0, 0]), [0, 0, 0], [0, 0]]
['com.ammar.sharing_22', 0, [0, 0, 0, 0, 0, 0, 0, 0], 0, ([0, 0, 0], [0, 0, 0, 0]), [0, 0, 0], [0, 0]]
['com.jim.sharetocomputer_1140', 0, [0, 0, 0, 0, 0, 0, 0, 0], 0, ([0, 0, 0], [0, 0, 0, 0]), [0, 0, 0], [0, 0]]
['cz.antecky.netswitch_5', 0, [0, 0, 0, 0, 0, 0, 0, 0], 0, ([0, 0, 0], [0, 0, 0, 0]), [0, 0, 0], [0, 0]]
['com.juliansparber.captiveportallogin_2', 0, [0, 0, 0, 0, 0, 0, 0, 0], 0, ([0, 0, 0], [0, 0, 0, 0]), [0, 0, 0], [0, 0]]
['dk.kjeldsen.carwingsflutter_207', 1, [1, 1, 0, 0, 1, 0, 0, 0], 0, ([38, 4, 34], [143, 127, 1, 15]), [2, 0, 1], [0, 0]]
['com.theksmith.android.car_bus_interface_100', 0, [0, 0, 0, 0, 0, 0, 0, 0], 0, ([0, 0, 0], [0, 0, 0, 0]), [0, 0, 0], [0, 0]]
['org.purplei2p.i2pd_2550000', 1, [1, 1, 0, 1, 1, 0, 0, 0], 0, ([17, 17, 0], [20, 20, 0, 0]), [1, 1, 0], [0, 0]]
['com.tailscale.ipn_358', 1, [1, 1, 0, 1, 1, 0, 0, 0], 0, ([89, 18, 71], [164, 138, 0, 26]), [2, 1, 1], [0, 0]]
['be.brunoparmentier.dnssetter_3', 0, [0, 0, 0, 0, 0, 0, 0, 0], 0, ([0, 0, 0], [0, 0, 0, 0]), [0, 0, 0], [0, 0]]
['io.github.soundremote_10', 1, [1, 1, 0, 1, 1, 0, 0, 0], 0, ([13, 0, 13], [39, 38, 0, 1]), [3, 1, 2], [0, 0]]
['net.sylvek.itracing2_84', 0, [0, 0, 0, 0, 0, 0, 0, 0], 0, ([0, 0, 0], [0, 0, 0, 0]), [0, 0, 0], [0, 0]]
['org.libreoffice.impressremote_30', 0, [0, 0, 0, 0, 0, 0, 0, 0], 0, ([0, 0, 0], [0, 0, 0, 0]), [0, 0, 0], [0, 0]]
['org.gateshipone.malp_42', 0, [0, 0, 0, 0, 0, 0, 0, 0], 0, ([0, 0, 0], [0, 0, 0, 0]), [0, 0, 0], [0, 0]]
['ca.cmetcalfe.locationshare_9', 0, [0, 0, 0, 0, 0, 0, 0, 0], 0, ([0, 0, 0], [0, 0, 0, 0]), [0, 0, 0], [0, 0]]
['com.matejdro.pebbledialer_41', 0, [0, 0, 0, 0, 0, 0, 0, 0], 0, ([0, 0, 0], [0, 0, 0, 0]), [0, 0, 0], [0, 0]]
['idv.markkuo.ambitsync_9', 1, [1, 1, 0, 1, 1, 0, 0, 0], 0, ([8, 8, 0], [20, 18, 0, 2]), [4, 1, 0], [0, 0]]
['cc.calliope.mini_23', 0, [0, 0, 0, 0, 0, 0, 0, 0], 0, ([0, 0, 0], [0, 0, 0, 0]), [0, 0, 0], [0, 0]]
['org.staacks.alpharemote_1000', 1, [1, 1, 0, 1, 1, 0, 0, 0], 0, ([4, 0, 4], [8, 8, 0, 0]), [1, 1, 0], [0, 0]]
['com.fr3ts0n.androbd.plugin.mqtt_10101', 0, [0, 0, 0, 0, 0, 0, 0, 0], 0, ([0, 0, 0], [0, 0, 0, 0]), [0, 0, 0], [0, 0]]
['org.asteroidos.sync_29', 0, [0, 0, 0, 0, 0, 0, 0, 0], 0, ([0, 0, 0], [0, 0, 0, 0]), [0, 0, 0], [0, 0]]
['org.grating.styncynotes_1', 1, [1, 1, 0, 1, 1, 0, 0, 0], 0, ([12, 0, 12], [32, 31, 0, 1]), [2, 1, 1], [0, 0]]
['de.ccc.events.badge.card10_9', 0, [0, 0, 0, 0, 0, 0, 0, 0], 0, ([0, 0, 0], [0, 0, 0, 0]), [0, 0, 0], [0, 0]]
['de.maniac103.squeezeclient_5', 0, [0, 0, 0, 0, 0, 0, 0, 0], 0, ([0, 0, 0], [0, 0, 0, 0]), [0, 0, 0], [0, 0]]
['om.sstvencoder_33', 0, [0, 0, 0, 0, 0, 0, 0, 0], 0, ([0, 0, 0], [0, 0, 0, 0]), [0, 0, 0], [0, 0]]
['net.reichholf.dreamdroid_460', 1, [1, 1, 0, 1, 1, 0, 0, 0], 0, ([120, 13, 107], [216, 183, 0, 33]), [3, 1, 2], [0, 0]]
['pc.javier.actualizadoropendns_5', 0, [0, 0, 0, 0, 0, 0, 0, 0], 0, ([0, 0, 0], [0, 0, 0, 0]), [0, 0, 0], [0, 0]]
['com.ssrlive.ssrdroid_537', 1, [1, 1, 0, 1, 1, 0, 0, 0], 0, ([94, 19, 75], [171, 82, 3, 86]), [5, 5, 0], [0, 0]]
['org.briarproject.mailbox_10009', 1, [1, 1, 0, 1, 1, 0, 0, 0], 0, ([330, 204, 126], [717, 552, 6, 159]), [3, 0, 0], [0, 0]]
['org.unifiedpush.distributor.sunup_5', 1, [1, 1, 0, 1, 1, 0, 0, 0], 0, ([8, 0, 8], [24, 23, 0, 1]), [1, 0, 1], [0, 0]]
['fil.libre.repwifiapp_5', 0, [0, 0, 0, 0, 0, 0, 0, 0], 0, ([0, 0, 0], [0, 0, 0, 0]), [0, 0, 0], [0, 0]]
['se.leap.riseupvpn_176000', 1, [1, 1, 0, 1, 1, 0, 0, 0], 0, ([439, 335, 104], [1186, 937, 0, 249]), [6, 3, 3], [4, 0]]
['com.atharok.btremote_11', 1, [1, 1, 0, 1, 1, 0, 0, 0], 0, ([8, 0, 8], [24, 23, 0, 1]), [2, 1, 1], [0, 0]]
['com.sensirion.smartgadget_96', 0, [0, 0, 0, 0, 0, 0, 0, 0], 0, ([0, 0, 0], [0, 0, 0, 0]), [0, 0, 0], [0, 0]]
['com.jeroen1602.lighthouse_pm_12', 1, [1, 1, 0, 0, 1, 0, 0, 0], 0, ([41, 4, 37], [152, 135, 1, 16]), [3, 0, 1], [0, 0]]
['com.asksven.betterwifionoff_43', 0, [0, 0, 0, 0, 0, 0, 0, 0], 0, ([0, 0, 0], [0, 0, 0, 0]), [0, 0, 0], [0, 0]]
['com.github.umer0586.droidpad_15', 1, [1, 1, 0, 1, 1, 0, 0, 0], 0, ([54, 46, 8], [147, 132, 0, 15]), [1, 0, 1], [0, 0]]
['org.briarproject.briar.android_10513', 1, [1, 1, 0, 1, 1, 0, 0, 0], 0, ([8, 0, 8], [25, 25, 0, 0]), [3, 0, 0], [0, 0]]
['org.kvj.habtproxy.fdroid.release_1001', 0, [0, 0, 0, 0, 0, 0, 0, 0], 0, ([0, 0, 0], [0, 0, 0, 0]), [0, 0, 0], [0, 0]]
['com.polar.nextcloudservices_20', 0, [0, 0, 0, 0, 0, 0, 0, 0], 0, ([0, 0, 0], [0, 0, 0, 0]), [0, 0, 0], [0, 0]]
['com.louis.app.cavity_30', 1, [1, 1, 0, 1, 1, 0, 0, 0], 0, ([17, 17, 0], [106, 80, 0, 26]), [3, 2, 0], [0, 0]]
['org.calyxinstitute.vpn_176000', 1, [1, 1, 0, 1, 1, 0, 0, 0], 0, ([439, 335, 104], [1186, 937, 0, 249]), [6, 3, 3], [4, 0]]
['allen.town.focus.podcast_70', 1, [1, 1, 0, 1, 1, 0, 0, 0], 0, ([3, 3, 0], [12, 11, 0, 1]), [1, 1, 0], [0, 0]]
['com.doubleangels.nextdnsmanagement_243', 1, [1, 1, 0, 1, 1, 0, 0, 0], 0, ([11, 11, 0], [28, 26, 0, 2]), [2, 1, 0], [0, 0]]
['com.w2sv.wifiwidget_66', 1, [1, 1, 0, 1, 1, 0, 0, 0], 0, ([8, 0, 8], [24, 23, 0, 1]), [2, 1, 1], [0, 0]]
['lu.fisch.canze_94', 0, [0, 0, 0, 0, 0, 0, 0, 0], 0, ([0, 0, 0], [0, 0, 0, 0]), [0, 0, 0], [0, 0]]
['net.wigle.wigleandroid_280', 0, [0, 0, 0, 0, 0, 0, 0, 0], 0, ([0, 0, 0], [0, 0, 0, 0]), [0, 0, 0], [0, 0]]
['com.briankhuu.nfcmessageboard_16', 0, [0, 0, 0, 0, 0, 0, 0, 0], 0, ([0, 0, 0], [0, 0, 0, 0]), [0, 0, 0], [0, 0]]
['tech.techlore.plexus_210', 0, [0, 0, 0, 0, 0, 0, 0, 0], 0, ([0, 0, 0], [0, 0, 0, 0]), [0, 0, 0], [0, 0]]
['com.celzero.bravedns_45', 1, [1, 1, 0, 1, 1, 0, 0, 0], 0, ([349, 50, 299], [656, 589, 0, 67]), [1, 1, 0], [0, 0]]
['cz.slaby.dpc_13', 1, [1, 0, 0, 0, 0, 0, 0, 0], 0, ([42, 4, 38], [152, 135, 1, 16]), [5, 0, 1], [0, 0]]
['com.wchung.qrshare_16', 1, [1, 1, 0, 1, 1, 0, 0, 0], 0, ([8, 0, 8], [24, 23, 0, 1]), [1, 0, 1], [0, 0]]
['org.jsl.wfwt_16', 0, [0, 0, 0, 0, 0, 0, 0, 0], 0, ([0, 0, 0], [0, 0, 0, 0]), [0, 0, 0], [0, 0]]
['at.or.at.plugoffairplane_1010', 0, [0, 0, 0, 0, 0, 0, 0, 0], 0, ([0, 0, 0], [0, 0, 0, 0]), [0, 0, 0], [0, 0]]
['com.vrem.wifianalyzer_69', 0, [0, 0, 0, 0, 0, 0, 0, 0], 0, ([0, 0, 0], [0, 0, 0, 0]), [0, 0, 0], [0, 0]]
['com.gaurav.avnc_41', 1, [1, 1, 0, 1, 1, 0, 0, 0], 0, ([19, 1, 18], [57, 57, 0, 0]), [1, 1, 1], [0, 0]]
['org.basic.lg_3', 0, [0, 0, 0, 0, 0, 0, 0, 0], 0, ([0, 0, 0], [0, 0, 0, 0]), [0, 0, 0], [0, 0]]
['starcom.snd_5', 0, [0, 0, 0, 0, 0, 0, 0, 0], 0, ([0, 0, 0], [0, 0, 0, 0]), [0, 0, 0], [0, 0]]
['aq.metallists.loudbang_50', 1, [1, 1, 0, 1, 1, 0, 0, 0], 0, ([6, 6, 0], [20, 19, 0, 1]), [2, 1, 0], [0, 0]]
['org.marcus905.wifi.ace_20120115', 0, [0, 0, 0, 0, 0, 0, 0, 0], 0, ([0, 0, 0], [0, 0, 0, 0]), [0, 0, 0], [0, 0]]
['gr.ratmole.android.Mach3Pendant_14', 0, [0, 0, 0, 0, 0, 0, 0, 0], 0, ([0, 0, 0], [0, 0, 0, 0]), [0, 0, 0], [0, 0]]
['eu.halaser.beamctrl_103', 0, [0, 0, 0, 0, 0, 0, 0, 0], 0, ([0, 0, 0], [0, 0, 0, 0]), [0, 0, 0], [0, 0]]
['com.dosse.dozeoff_3', 0, [0, 0, 0, 0, 0, 0, 0, 0], 0, ([0, 0, 0], [0, 0, 0, 0]), [0, 0, 0], [0, 0]]
['net.dcnnt_27', 0, [0, 0, 0, 0, 0, 0, 0, 0], 0, ([0, 0, 0], [0, 0, 0, 0]), [0, 0, 0], [0, 0]]
['io.github.domi04151309.home_1100', 0, [0, 0, 0, 0, 0, 0, 0, 0], 0, ([0, 0, 0], [0, 0, 0, 0]), [0, 0, 0], [0, 0]]
['nl.devluuk.sleepywifi_10', 0, [0, 0, 0, 0, 0, 0, 0, 0], 0, ([0, 0, 0], [0, 0, 0, 0]), [0, 0, 0], [0, 0]]
['dmusiolik.pijaret_9', 0, [0, 0, 0, 0, 0, 0, 0, 0], 0, ([0, 0, 0], [0, 0, 0, 0]), [0, 0, 0], [0, 0]]
['com.geeksville.mesh_30516', 1, [1, 1, 0, 1, 1, 0, 0, 0], 0, ([8, 0, 8], [24, 23, 0, 1]), [2, 1, 1], [0, 0]]
['net.guildem.publicip_5', 0, [0, 0, 0, 0, 0, 0, 0, 0], 0, ([0, 0, 0], [0, 0, 0, 0]), [0, 0, 0], [0, 0]]
['net.thunderbird.android_8', 1, [1, 1, 0, 1, 1, 0, 0, 0], 0, ([13, 5, 8], [89, 68, 0, 21]), [2, 1, 1], [0, 0]]
['io.github.wh201906.serialpipe_3', 0, [0, 0, 0, 0, 0, 0, 0, 0], 0, ([0, 0, 0], [0, 0, 0, 0]), [0, 0, 0], [0, 0]]
['se.bitcraze.crazyfliecontrol2_20', 0, [0, 0, 0, 0, 0, 0, 0, 0], 0, ([0, 0, 0], [0, 0, 0, 0]), [0, 0, 0], [0, 0]]
['tk.giesecke.disaster_radio_17', 0, [0, 0, 0, 0, 0, 0, 0, 0], 0, ([0, 0, 0], [0, 0, 0, 0]), [0, 0, 0], [0, 0]]
['io.github.powerinside.scrollsocket_1', 0, [0, 0, 0, 0, 0, 0, 0, 0], 0, ([0, 0, 0], [0, 0, 0, 0]), [0, 0, 0], [0, 0]]
['dev.bartuzen.qbitcontroller_19', 1, [1, 1, 0, 1, 1, 0, 0, 0], 0, ([8, 0, 8], [24, 23, 0, 1]), [1, 0, 1], [0, 0]]
['org.xapek.andiodine_6', 1, [0, 0, 1, 1, 0, 0, 0, 0], 0, ([9, 9, 0], [18, 18, 0, 0]), [1, 1, 1], [0, 0]]
['de.yazo_games.mensaguthaben_18', 0, [0, 0, 0, 0, 0, 0, 0, 0], 0, ([0, 0, 0], [0, 0, 0, 0]), [0, 0, 0], [0, 0]]
['siir.es.adbWireless_12', 0, [0, 0, 0, 0, 0, 0, 0, 0], 0, ([0, 0, 0], [0, 0, 0, 0]), [0, 0, 0], [0, 0]]
['de.lukasneugebauer.nextcloudcookbook_50', 1, [1, 1, 0, 1, 1, 0, 0, 0], 0, ([8, 0, 8], [24, 23, 0, 1]), [2, 1, 1], [0, 0]]
['com.espruino.gadgetbridge.banglejs_236', 1, [1, 1, 0, 1, 1, 0, 0, 0], 0, ([5, 5, 0], [43, 30, 0, 13]), [2, 2, 0], [0, 0]]
['com.freerdp.afreerdp_3005001', 1, [1, 1, 0, 0, 0, 0, 0, 0], 0, ([16, 16, 0], [41, 39, 1, 1]), [12, 1, 2], [0, 0]]
['threads.server_348', 1, [1, 1, 0, 1, 1, 0, 0, 0], 0, ([8, 0, 8], [24, 23, 0, 1]), [2, 1, 1], [0, 0]]
['com.crequency.kitx.mobile_5643', 1, [1, 0, 0, 0, 0, 0, 0, 0], 0, ([106, 26, 80], [276, 190, 5, 81]), [2, 0, 1], [0, 0]]
['it.danieleverducci.ojo_9', 1, [1, 1, 0, 1, 1, 0, 0, 0], 0, ([109, 9, 100], [196, 169, 0, 27]), [11, 1, 2], [0, 0]]
['moe.reimu.catshare_3', 1, [1, 1, 0, 1, 1, 0, 0, 0], 0, ([220, 212, 8], [628, 606, 0, 22]), [1, 0, 1], [0, 0]]
['com.phpbg.easysync_16', 1, [1, 1, 0, 1, 1, 0, 0, 0], 0, ([12, 0, 12], [32, 31, 0, 1]), [2, 1, 1], [0, 0]]
